P0005__1__0___0 0.332 324 96 323 75 371 71 372 92 small-vehicle
P0005__1__0___0 0.339 629 808 603 807 608 719 634 720 large-vehicle
P0005__1__0___0 0.351 118 106 117 86 165 83 166 103 small-vehicle
P0005__1__0___0 0.399 26 558 26 537 87 537 87 558 large-vehicle
P0005__1__0___0 0.419 275 99 272 83 308 76 311 92 small-vehicle
P0005__1__0___0 0.437 548 73 530 72 533 34 551 35 small-vehicle
P0005__1__0___0 0.473 77 444 36 443 36 425 77 426 small-vehicle
P0005__1__0___0 0.479 620 919 565 915 567 894 622 898 large-vehicle
P0005__1__0___0 0.480 616 622 567 620 569 599 618 601 large-vehicle
P0005__1__0___0 0.547 618 892 565 890 567 869 620 871 large-vehicle
P0005__1__0___0 0.551 470 70 452 65 461 27 479 32 small-vehicle
P0005__1__0___0 0.560 368 620 274 616 275 595 369 599 large-vehicle
P0005__1__0___0 0.570 700 592 686 574 725 543 739 561 large-vehicle
P0005__1__0___0 0.570 187 170 185 152 228 147 230 165 small-vehicle
P0005__1__0___0 0.572 621 835 567 833 568 812 622 814 large-vehicle
P0005__1__0___0 0.572 422 153 421 134 463 134 464 153 small-vehicle
P0005__1__0___0 0.582 33 865 33 848 74 846 74 863 small-vehicle
P0005__1__0___0 0.590 638 65 619 65 621 30 640 30 small-vehicle
P0005__1__0___0 0.591 551 73 547 34 566 32 570 71 small-vehicle
P0005__1__0___0 0.599 700 625 686 608 725 576 739 593 large-vehicle
P0005__1__0___0 0.600 619 863 568 860 570 840 621 843 large-vehicle
P0005__1__0___0 0.600 76 775 35 773 35 756 76 758 small-vehicle
P0005__1__0___0 0.603 62 75 43 74 45 34 64 35 small-vehicle
P0005__1__0___0 0.610 531 73 513 72 516 32 534 33 small-vehicle
P0005__1__0___0 0.611 466 764 403 759 405 739 468 744 large-vehicle
P0005__1__0___0 0.618 149 906 86 905 86 883 149 884 large-vehicle
P0005__1__0___0 0.620 576 68 574 30 593 29 595 67 small-vehicle
P0005__1__0___0 0.622 370 732 277 728 277 707 370 711 large-vehicle
P0005__1__0___0 0.624 190 477 92 473 93 452 191 456 large-vehicle
P0005__1__0___0 0.631 701 557 686 540 724 506 739 523 large-vehicle
P0005__1__0___0 0.632 621 508 570 508 570 487 621 487 large-vehicle
P0005__1__0___0 0.637 702 521 687 504 725 470 740 487 large-vehicle
P0005__1__0___0 0.637 180 246 95 242 95 221 180 225 large-vehicle
P0005__1__0___0 0.640 673 74 671 33 690 31 692 72 small-vehicle
P0005__1__0___0 0.641 280 163 279 143 321 140 322 160 small-vehicle
P0005__1__0___0 0.643 182 103 180 86 221 82 223 99 small-vehicle
P0005__1__0___0 0.643 76 708 28 708 29 691 77 691 small-vehicle
P0005__1__0___0 0.643 75 635 36 633 38 616 77 618 small-vehicle
P0005__1__0___0 0.644 620 538 569 536 569 515 620 517 large-vehicle
P0005__1__0___0 0.645 693 351 679 335 718 300 732 316 large-vehicle
P0005__1__0___0 0.646 462 904 400 903 401 881 463 882 large-vehicle
P0005__1__0___0 0.646 366 874 274 869 275 849 367 854 large-vehicle
P0005__1__0___0 0.648 75 422 33 420 34 403 76 405 small-vehicle
P0005__1__0___0 0.650 177 623 95 620 96 598 178 601 large-vehicle
P0005__1__0___0 0.650 698 417 683 400 721 366 736 383 large-vehicle
P0005__1__0___0 0.651 149 822 85 818 86 797 150 801 large-vehicle
P0005__1__0___0 0.651 701 694 686 677 726 645 741 662 large-vehicle
P0005__1__0___0 0.651 451 847 390 842 392 820 453 825 large-vehicle
P0005__1__0___0 0.655 692 842 677 826 715 793 730 809 large-vehicle
P0005__1__0___0 0.656 623 482 573 479 574 459 624 462 large-vehicle
P0005__1__0___0 0.656 451 876 389 873 390 851 452 854 large-vehicle
P0005__1__0___0 0.658 512 71 494 69 499 32 517 34 small-vehicle
P0005__1__0___0 0.659 627 285 576 283 576 262 627 264 large-vehicle
P0005__1__0___0 0.660 175 278 92 274 94 253 177 257 large-vehicle
P0005__1__0___0 0.661 624 649 572 646 573 626 625 629 large-vehicle
P0005__1__0___0 0.661 79 320 37 318 38 299 80 301 small-vehicle
P0005__1__0___0 0.663 695 455 681 437 720 406 734 424 large-vehicle
P0005__1__0___0 0.663 466 285 396 284 397 262 467 263 large-vehicle
P0005__1__0___0 0.663 170 681 87 678 87 656 170 659 large-vehicle
P0005__1__0___0 0.664 697 661 683 644 722 612 736 629 large-vehicle
P0005__1__0___0 0.664 86 876 86 856 147 855 147 875 large-vehicle
P0005__1__0___0 0.664 621 370 571 368 572 347 622 349 large-vehicle
P0005__1__0___0 0.665 488 369 420 367 421 346 489 348 large-vehicle
P0005__1__0___0 0.666 625 427 574 424 576 404 627 407 large-vehicle
P0005__1__0___0 0.667 235 166 233 147 276 143 278 162 small-vehicle
P0005__1__0___0 0.667 620 399 570 397 571 376 621 378 large-vehicle
P0005__1__0___0 0.669 469 316 399 313 400 291 470 294 large-vehicle
P0005__1__0___0 0.670 172 332 85 332 85 311 172 311 large-vehicle
P0005__1__0___0 0.670 469 792 407 788 408 767 470 771 large-vehicle
P0005__1__0___0 0.671 161 738 79 734 80 713 162 717 large-vehicle
P0005__1__0___0 0.673 373 247 282 240 284 218 375 225 large-vehicle
P0005__1__0___0 0.674 38 599 38 582 77 582 77 599 small-vehicle
P0005__1__0___0 0.675 35 682 35 665 76 665 76 682 small-vehicle
P0005__1__0___0 0.675 616 704 564 703 565 683 617 684 large-vehicle
P0005__1__0___0 0.677 373 212 283 211 284 189 374 190 large-vehicle
P0005__1__0___0 0.677 366 847 272 841 273 820 367 826 large-vehicle
P0005__1__0___0 0.678 161 764 80 763 80 743 161 744 large-vehicle
P0005__1__0___0 0.678 483 232 400 228 402 207 485 211 large-vehicle
P0005__1__0___0 0.678 472 679 411 676 411 654 472 657 large-vehicle
P0005__1__0___0 0.679 453 818 391 814 392 793 454 797 large-vehicle
P0005__1__0___0 0.680 694 489 680 472 721 440 735 457 large-vehicle
P0005__1__0___0 0.681 702 766 686 751 721 715 737 730 large-vehicle
P0005__1__0___0 0.682 618 596 569 592 571 571 620 575 large-vehicle
P0005__1__0___0 0.682 696 910 681 893 721 859 736 876 large-vehicle
P0005__1__0___0 0.684 621 456 571 454 572 433 622 435 large-vehicle
P0005__1__0___0 0.684 187 507 93 501 94 480 188 486 large-vehicle
P0005__1__0___0 0.686 374 477 280 471 281 450 375 456 large-vehicle
P0005__1__0___0 0.687 624 341 573 338 575 318 626 321 large-vehicle
P0005__1__0___0 0.688 626 314 576 311 577 291 627 294 large-vehicle
P0005__1__0___0 0.688 145 851 83 848 84 828 146 831 large-vehicle
P0005__1__0___0 0.688 478 510 408 506 409 485 479 489 large-vehicle
P0005__1__0___0 0.691 463 398 392 394 394 373 465 377 large-vehicle
P0005__1__0___0 0.691 698 805 683 789 721 754 736 770 large-vehicle
P0005__1__0___0 0.692 371 363 279 358 280 336 372 341 large-vehicle
P0005__1__0___0 0.694 84 708 83 687 165 685 166 706 large-vehicle
P0005__1__0___0 0.694 618 567 567 563 569 542 620 546 large-vehicle
P0005__1__0___0 0.695 185 565 86 561 86 540 185 544 large-vehicle
P0005__1__0___0 0.696 697 735 682 718 720 684 735 701 large-vehicle
P0005__1__0___0 0.697 459 565 397 563 398 542 460 544 large-vehicle
P0005__1__0___0 0.698 350 906 267 900 269 879 352 885 large-vehicle
P0005__1__0___0 0.699 470 623 403 619 405 598 472 602 large-vehicle
P0005__1__0___0 0.700 485 455 416 451 418 430 487 434 large-vehicle
P0005__1__0___0 0.700 485 426 417 424 418 403 486 405 large-vehicle
P0005__1__0___0 0.701 373 533 278 528 280 506 375 511 large-vehicle
P0005__1__0___0 0.703 160 794 79 792 79 771 160 773 large-vehicle
P0005__1__0___0 0.704 470 709 401 705 403 684 472 688 large-vehicle
P0005__1__0___0 0.704 372 447 280 442 281 422 373 427 large-vehicle
P0005__1__0___0 0.708 487 205 389 202 390 180 488 183 large-vehicle
P0005__1__0___0 0.708 470 538 400 533 401 513 471 518 large-vehicle
P0005__1__0___0 0.708 75 663 31 662 32 644 76 645 small-vehicle
P0005__1__0___0 0.709 371 648 277 644 278 623 372 627 large-vehicle
P0005__1__0___0 0.710 462 482 391 478 393 457 464 461 large-vehicle
P0005__1__0___0 0.711 694 879 679 862 717 828 732 845 large-vehicle
P0005__1__0___0 0.712 184 537 85 532 87 510 186 515 large-vehicle
P0005__1__0___0 0.713 372 419 278 413 279 392 373 398 large-vehicle
P0005__1__0___0 0.715 375 562 279 558 280 537 376 541 large-vehicle
P0005__1__0___0 0.715 185 593 87 589 88 568 186 572 large-vehicle
P0005__1__0___0 0.719 368 157 366 138 409 136 411 155 small-vehicle
P0005__1__0___0 0.720 186 365 89 361 89 340 186 344 large-vehicle
P0005__1__0___0 0.722 460 595 389 591 391 570 462 574 large-vehicle
P0005__1__0___0 0.722 370 675 276 673 277 652 371 654 large-vehicle
P0005__1__0___0 0.723 469 737 399 732 400 712 470 717 large-vehicle
P0005__1__0___0 0.725 373 590 278 587 278 565 373 568 large-vehicle
P0005__1__0___0 0.726 80 343 40 342 41 324 81 325 small-vehicle
P0005__1__0___0 0.727 369 789 275 785 276 764 370 768 large-vehicle
P0005__1__0___0 0.727 366 704 274 699 275 679 367 684 large-vehicle
P0005__1__0___0 0.729 458 652 387 647 389 625 460 630 large-vehicle
P0005__1__0___0 0.730 368 818 276 813 277 793 369 798 large-vehicle
P0005__1__0___0 0.733 82 375 39 373 39 356 82 358 small-vehicle
P0005__1__0___0 0.733 617 678 564 674 566 653 619 657 large-vehicle
P0005__1__0___0 0.737 370 759 277 755 277 734 370 738 large-vehicle
P0005__1__0___0 0.760 78 400 38 397 39 379 79 382 small-vehicle
