P0212__1__0___0 0.292 585 170 578 129 602 125 609 166 small-vehicle
P0212__1__0___0 0.293 533 179 525 138 546 134 554 175 small-vehicle
P0212__1__0___0 0.411 328 866 324 838 343 835 347 863 small-vehicle
P0212__1__0___0 0.436 130 69 62 37 73 12 141 44 large-vehicle
P0212__1__0___0 0.476 263 295 242 280 282 220 303 235 large-vehicle
P0212__1__0___0 0.481 17 667 15 613 34 612 36 666 small-vehicle
P0212__1__0___0 0.496 192 310 172 297 209 239 229 252 large-vehicle
P0212__1__0___0 0.505 631 173 625 130 650 126 656 169 small-vehicle
P0212__1__0___0 0.510 175 724 173 703 216 701 218 722 small-vehicle
P0212__1__0___0 0.528 12 336 -6 323 31 267 50 280 large-vehicle
P0212__1__0___0 0.530 188 809 186 788 227 784 229 805 small-vehicle
P0212__1__0___0 0.550 193 866 189 847 236 837 240 856 small-vehicle
P0212__1__0___0 0.553 342 289 316 275 351 210 377 224 large-vehicle
P0212__1__0___0 0.558 387 868 380 830 400 827 407 865 small-vehicle
P0212__1__0___0 0.584 42 663 40 609 63 608 65 662 small-vehicle
P0212__1__0___0 0.585 337 495 333 414 358 412 362 493 large-vehicle
P0212__1__0___0 0.597 285 588 281 567 356 555 360 576 large-vehicle
P0212__1__0___0 0.598 594 796 588 754 609 751 615 793 small-vehicle
P0212__1__0___0 0.608 349 735 343 695 362 692 368 732 small-vehicle
P0212__1__0___0 0.609 458 596 381 581 385 559 462 574 large-vehicle
P0212__1__0___0 0.615 492 720 486 677 507 675 513 718 small-vehicle
P0212__1__0___0 0.615 554 170 547 133 569 129 576 166 small-vehicle
P0212__1__0___0 0.617 155 311 135 298 174 240 194 253 large-vehicle
P0212__1__0___0 0.622 622 837 616 795 637 792 643 834 small-vehicle
P0212__1__0___0 0.624 502 852 497 811 517 809 522 850 small-vehicle
P0212__1__0___0 0.629 571 801 564 755 586 752 593 798 small-vehicle
P0212__1__0___0 0.630 539 840 534 802 554 799 559 837 small-vehicle
P0212__1__0___0 0.635 495 805 490 763 510 760 515 802 small-vehicle
P0212__1__0___0 0.643 367 734 364 694 382 693 385 733 small-vehicle
P0212__1__0___0 0.646 438 817 434 772 455 770 459 815 small-vehicle
P0212__1__0___0 0.649 295 301 272 288 312 218 335 231 large-vehicle
P0212__1__0___0 0.651 468 726 462 684 483 681 489 723 small-vehicle
P0212__1__0___0 0.654 184 787 182 769 219 764 221 782 small-vehicle
P0212__1__0___0 0.662 322 836 317 794 337 791 342 833 small-vehicle
P0212__1__0___0 0.688 426 864 419 822 441 819 448 861 small-vehicle
P0212__1__0___0 0.688 407 735 404 693 422 692 425 734 small-vehicle
P0212__1__0___0 0.691 70 658 67 614 87 613 90 657 small-vehicle
P0212__1__0___0 0.701 516 806 511 763 531 761 536 804 small-vehicle
P0212__1__0___0 0.703 311 746 305 708 322 705 328 743 small-vehicle
P0212__1__0___0 0.708 426 732 422 689 441 687 445 730 small-vehicle
P0212__1__0___0 0.714 481 855 476 815 496 812 501 852 small-vehicle
P0212__1__0___0 0.717 579 840 572 801 592 797 599 836 small-vehicle
P0212__1__0___0 0.728 459 859 455 818 476 816 480 857 small-vehicle
P0212__1__0___0 0.730 550 803 545 763 565 760 570 800 small-vehicle
P0212__1__0___0 0.730 340 832 335 789 355 787 360 830 small-vehicle
P0212__1__0___0 0.731 330 744 323 707 341 703 348 740 small-vehicle
P0212__1__0___0 0.740 490 187 483 148 503 144 510 183 small-vehicle
P0212__1__0___0 0.742 180 749 178 731 215 726 217 744 small-vehicle
P0212__1__0___0 0.750 386 738 384 695 403 693 405 736 small-vehicle
P0212__1__0___0 0.750 604 171 599 131 623 128 628 168 small-vehicle
P0212__1__0___0 0.752 510 184 502 146 523 141 531 179 small-vehicle
P0212__1__0___0 0.755 183 766 182 747 222 745 223 764 small-vehicle
P0212__1__0___0 0.780 476 816 468 774 489 771 497 813 small-vehicle
