P0219__1__0___140 0.651 787 335 742 205 844 170 889 300 plane
P0219__1__0___140 0.692 681 416 592 341 684 231 773 306 plane
P0219__1__0___140 0.701 955 690 953 624 1044 621 1046 687 plane
P0219__1__0___140 0.707 976 321 973 223 1043 220 1046 318 plane
P0219__1__0___140 0.717 770 756 765 691 857 683 862 748 plane
P0219__1__0___140 0.727 1025 395 979 394 982 324 1028 325 plane
P0219__1__0___140 0.742 709 808 616 800 622 731 715 739 plane
P0219__1__0___140 0.760 773 688 673 679 680 597 780 606 plane
P0219__1__0___140 0.772 631 688 519 676 530 575 642 587 plane
P0219__1__0___140 0.773 248 829 154 823 159 760 253 766 plane
P0219__1__0___140 0.776 831 690 827 618 920 613 924 685 plane
P0219__1__1633___0 0.668 90 371 1 368 3 304 92 307 plane
P0219__1__1633___0 0.671 333 372 238 370 240 305 335 307 plane
P0219__1__1633___0 0.678 27 621 -54 618 -51 558 30 561 plane
P0219__1__1633___0 0.706 733 574 727 493 834 485 840 566 plane
P0219__1__1633___0 0.721 336 569 243 566 245 510 338 513 plane
P0219__1__1633___0 0.728 364 827 360 758 455 754 459 823 plane
P0219__1__1633___0 0.728 767 632 672 619 682 549 777 562 plane
P0219__1__1633___0 0.731 211 365 117 358 122 296 216 303 plane
P0219__1__1633___0 0.735 306 622 304 558 399 555 401 619 plane
P0219__1__1633___0 0.735 73 627 70 553 156 548 159 622 plane
P0219__1__1633___0 0.739 817 825 739 820 742 756 820 761 plane
P0219__1__1633___0 0.747 331 828 239 820 244 759 336 767 plane
P0219__1__1633___0 0.751 -3 832 -6 762 89 757 92 827 plane
P0219__1__1633___0 0.753 628 571 624 510 703 506 707 567 plane
P0219__1__1633___0 0.757 645 629 549 628 550 562 646 563 plane
P0219__1__1633___0 0.763 5 568 0 504 78 499 83 563 plane
P0219__1__1633___0 0.767 203 822 127 822 128 759 204 759 plane
P0219__1__1633___140 0.627 306 482 304 419 399 415 401 478 plane
P0219__1__1633___140 0.653 27 485 -56 481 -53 416 30 420 plane
P0219__1__1633___140 0.678 338 431 243 427 245 370 340 374 plane
P0219__1__1633___140 0.692 72 487 69 413 157 408 160 482 plane
P0219__1__1633___140 0.698 332 689 239 681 245 618 338 626 plane
P0219__1__1633___140 0.703 90 231 1 228 3 164 92 167 plane
P0219__1__1633___140 0.711 334 231 239 229 241 166 336 168 plane
P0219__1__1633___140 0.723 211 225 117 218 122 156 216 163 plane
P0219__1__1633___140 0.729 -3 692 -6 622 89 617 92 687 plane
P0219__1__1633___140 0.732 732 433 727 353 835 346 840 426 plane
P0219__1__1633___140 0.739 365 689 361 621 456 614 460 682 plane
P0219__1__1633___140 0.747 628 431 625 370 703 366 706 427 plane
P0219__1__1633___140 0.748 768 491 674 477 683 408 777 422 plane
P0219__1__1633___140 0.757 5 428 0 364 78 359 83 423 plane
P0219__1__1633___140 0.762 645 488 549 487 550 423 646 424 plane
P0219__1__1633___140 0.771 817 686 739 681 742 617 820 622 plane
P0219__1__1633___140 0.778 203 683 126 682 128 618 205 619 plane
P0219__1__824___0 0.253 633 287 247 280 252 46 638 53 swimming-pool
P0219__1__824___0 0.648 -48 895 -52 828 34 822 38 889 plane
P0219__1__824___0 0.675 777 368 695 364 698 307 780 311 plane
P0219__1__824___0 0.697 900 371 808 368 811 304 903 307 plane
P0219__1__824___0 0.702 1019 365 926 357 932 294 1025 302 plane
P0219__1__824___0 0.729 131 831 128 764 220 760 223 827 plane
P0219__1__824___0 0.733 837 624 747 623 748 559 838 560 plane
P0219__1__824___0 0.737 809 830 806 762 898 757 901 825 plane
P0219__1__824___0 0.740 7 830 4 758 96 753 99 825 plane
P0219__1__824___0 0.748 650 825 563 823 565 754 652 756 plane
P0219__1__824___0 0.748 813 567 809 504 888 500 892 563 plane
P0219__1__824___0 0.749 154 461 150 362 219 360 223 459 plane
P0219__1__824___0 0.758 1012 823 937 822 937 758 1012 759 plane
P0219__1__824___0 0.759 881 626 879 552 966 549 968 623 plane
P0219__1__824___0 0.761 656 579 558 570 565 488 663 497 plane
P0219__1__824___0 0.763 216 415 211 321 277 318 282 412 plane
P0219__1__824___0 0.763 204 534 156 534 157 465 205 465 plane
P0219__1__824___0 0.767 -42 474 -85 346 20 309 63 437 plane
P0219__1__824___140 0.663 -45 333 -85 200 21 168 61 301 plane
P0219__1__824___140 0.681 1020 225 927 219 931 156 1024 162 plane
P0219__1__824___140 0.690 777 230 694 226 698 167 781 171 plane
P0219__1__824___140 0.695 -48 754 -53 689 32 683 37 748 plane
P0219__1__824___140 0.702 131 691 127 624 220 620 224 687 plane
P0219__1__824___140 0.706 881 487 878 413 964 408 967 482 plane
P0219__1__824___140 0.713 809 691 806 623 898 618 901 686 plane
P0219__1__824___140 0.720 899 231 807 228 810 164 902 167 plane
P0219__1__824___140 0.736 153 320 149 222 218 219 222 317 plane
P0219__1__824___140 0.736 7 690 4 618 96 613 99 685 plane
P0219__1__824___140 0.737 837 485 748 483 750 418 839 420 plane
P0219__1__824___140 0.742 813 428 809 364 888 359 892 423 plane
P0219__1__824___140 0.757 651 685 563 683 564 614 652 616 plane
P0219__1__824___140 0.759 656 438 558 429 565 347 663 356 plane
P0219__1__824___140 0.763 1012 683 936 683 937 618 1013 618 plane
P0219__1__824___140 0.771 203 395 155 393 158 324 206 326 plane
P0219__1__824___140 0.773 216 276 211 181 277 177 282 272 plane
