P0218__1__0___0 0.265 234 393 212 379 217 370 239 384 large-vehicle
P0218__1__0___0 0.290 468 804 447 789 455 779 476 794 large-vehicle
P0218__1__0___0 0.323 45 881 26 881 26 872 45 872 small-vehicle
P0218__1__0___0 0.573 330 459 307 445 313 436 336 450 large-vehicle
P0218__1__0___0 0.576 844 840 628 664 817 431 1033 607 plane
P0218__1__0___0 0.598 1027 1010 821 848 1000 621 1206 783 plane
P0218__1__0___0 0.671 633 654 403 481 570 259 800 432 plane
P0218__1__0___0 0.696 385 430 215 292 346 129 516 267 plane
P0218__1__0___1560 0.308 52 570 40 560 45 553 57 563 small-vehicle
P0218__1__0___1560 0.329 184 550 162 534 169 525 191 541 small-vehicle
P0218__1__0___1560 0.344 285 858 267 845 272 837 290 850 small-vehicle
P0218__1__0___1560 0.362 630 992 618 969 629 963 641 986 small-vehicle
P0218__1__0___1560 0.364 424 703 405 689 411 680 430 694 small-vehicle
P0218__1__0___1560 0.369 761 435 753 429 766 410 774 416 small-vehicle
P0218__1__0___1560 0.446 734 452 726 447 739 427 747 432 small-vehicle
P0218__1__0___1560 0.478 757 538 751 533 762 517 768 522 small-vehicle
P0218__1__0___1560 0.492 745 456 738 451 750 433 757 438 small-vehicle
P0218__1__0___1560 0.510 775 476 769 471 780 455 786 460 small-vehicle
P0218__1__0___1560 0.515 718 400 710 394 725 373 733 379 small-vehicle
P0218__1__0___1560 0.531 834 791 827 786 837 772 844 777 small-vehicle
P0218__1__0___1560 0.536 888 567 880 562 891 546 899 551 small-vehicle
P0218__1__0___1560 0.539 617 993 601 975 610 968 626 986 small-vehicle
P0218__1__0___1560 0.541 761 476 753 470 768 447 776 453 small-vehicle
P0218__1__0___1560 0.553 669 495 662 491 672 476 679 480 small-vehicle
P0218__1__0___1560 0.554 715 434 709 429 720 413 726 418 small-vehicle
P0218__1__0___1560 0.554 822 805 815 800 825 786 832 791 small-vehicle
P0218__1__0___1560 0.558 701 786 693 781 704 765 712 770 small-vehicle
P0218__1__0___1560 0.563 859 543 853 538 864 522 870 527 small-vehicle
P0218__1__0___1560 0.564 686 805 678 800 691 782 699 787 small-vehicle
P0218__1__0___1560 0.568 774 554 767 549 779 531 786 536 small-vehicle
P0218__1__0___1560 0.571 754 465 746 460 757 442 765 447 small-vehicle
P0218__1__0___1560 0.574 729 806 722 801 734 785 741 790 small-vehicle
P0218__1__0___1560 0.575 597 742 589 736 604 715 612 721 small-vehicle
P0218__1__0___1560 0.576 804 497 797 493 807 478 814 482 small-vehicle
P0218__1__0___1560 0.577 728 517 720 512 731 496 739 501 small-vehicle
P0218__1__0___1560 0.579 797 858 790 854 800 839 807 843 small-vehicle
P0218__1__0___1560 0.581 658 488 650 483 661 467 669 472 small-vehicle
P0218__1__0___1560 0.581 735 545 728 541 738 526 745 530 small-vehicle
P0218__1__0___1560 0.581 787 852 780 847 794 827 801 832 small-vehicle
P0218__1__0___1560 0.587 936 1021 919 1009 925 1002 942 1014 small-vehicle
P0218__1__0___1560 0.587 782 486 775 481 787 465 794 470 small-vehicle
P0218__1__0___1560 0.590 682 673 675 667 685 654 692 660 small-vehicle
P0218__1__0___1560 0.594 879 558 871 553 882 537 890 542 small-vehicle
P0218__1__0___1560 0.596 853 609 846 604 858 588 865 593 small-vehicle
P0218__1__0___1560 0.597 929 1031 913 1018 920 1010 936 1023 small-vehicle
P0218__1__0___1560 0.597 693 518 686 513 698 497 705 502 small-vehicle
P0218__1__0___1560 0.598 720 507 712 502 723 486 731 491 small-vehicle
P0218__1__0___1560 0.599 685 510 679 505 690 489 696 494 small-vehicle
P0218__1__0___1560 0.601 746 529 739 524 751 508 758 513 small-vehicle
P0218__1__0___1560 0.603 821 515 814 511 824 496 831 500 small-vehicle
P0218__1__0___1560 0.603 591 731 583 726 596 708 604 713 small-vehicle
P0218__1__0___1560 0.609 787 754 780 749 792 733 799 738 small-vehicle
P0218__1__0___1560 0.611 629 664 621 659 632 643 640 648 small-vehicle
P0218__1__0___1560 0.615 726 443 718 438 731 418 739 423 small-vehicle
P0218__1__0___1560 0.618 760 728 753 723 763 709 770 714 small-vehicle
P0218__1__0___1560 0.618 946 1014 925 1000 931 991 952 1005 small-vehicle
P0218__1__0___1560 0.619 624 728 616 723 627 707 635 712 small-vehicle
P0218__1__0___1560 0.621 659 831 639 820 644 812 664 823 small-vehicle
P0218__1__0___1560 0.621 583 724 575 719 588 701 596 706 small-vehicle
P0218__1__0___1560 0.621 55 925 47 919 60 904 68 910 small-vehicle
P0218__1__0___1560 0.621 639 573 631 568 644 550 652 555 small-vehicle
P0218__1__0___1560 0.622 584 601 577 596 591 578 598 583 small-vehicle
P0218__1__0___1560 0.625 795 762 788 756 800 739 807 745 small-vehicle
P0218__1__0___1560 0.631 724 540 718 535 729 519 735 524 small-vehicle
P0218__1__0___1560 0.633 791 496 783 490 796 471 804 477 small-vehicle
P0218__1__0___1560 0.633 757 831 750 825 762 810 769 816 small-vehicle
P0218__1__0___1560 0.636 679 501 672 496 682 480 689 485 small-vehicle
P0218__1__0___1560 0.638 671 471 663 465 678 446 686 452 small-vehicle
P0218__1__0___1560 0.638 565 685 558 679 570 664 577 670 small-vehicle
P0218__1__0___1560 0.638 646 545 638 540 649 522 657 527 small-vehicle
P0218__1__0___1560 0.640 625 531 618 526 630 508 637 513 small-vehicle
P0218__1__0___1560 0.643 840 528 832 523 843 507 851 512 small-vehicle
P0218__1__0___1560 0.644 821 712 814 708 824 691 831 695 small-vehicle
P0218__1__0___1560 0.644 810 802 802 797 813 781 821 786 small-vehicle
P0218__1__0___1560 0.645 610 549 604 544 615 528 621 533 small-vehicle
P0218__1__0___1560 0.646 619 757 610 751 624 730 633 736 small-vehicle
P0218__1__0___1560 0.647 676 799 668 793 683 774 691 780 small-vehicle
P0218__1__0___1560 0.649 773 872 766 867 778 849 785 854 small-vehicle
P0218__1__0___1560 0.650 53 974 38 961 44 953 59 966 small-vehicle
P0218__1__0___1560 0.653 656 550 648 545 659 529 667 534 small-vehicle
P0218__1__0___1560 0.656 533 687 526 681 538 664 545 670 small-vehicle
P0218__1__0___1560 0.656 804 768 797 763 811 745 818 750 small-vehicle
P0218__1__0___1560 0.657 609 748 601 742 614 723 622 729 small-vehicle
P0218__1__0___1560 0.657 523 681 516 675 528 658 535 664 small-vehicle
P0218__1__0___1560 0.657 657 783 650 778 662 760 669 765 small-vehicle
P0218__1__0___1560 0.659 801 793 794 788 806 772 813 777 small-vehicle
P0218__1__0___1560 0.660 882 729 874 722 889 704 897 711 small-vehicle
P0218__1__0___1560 0.661 849 731 843 726 854 710 860 715 small-vehicle
P0218__1__0___1560 0.662 692 484 685 480 695 465 702 469 small-vehicle
P0218__1__0___1560 0.663 849 538 841 532 854 513 862 519 small-vehicle
P0218__1__0___1560 0.663 736 741 728 736 739 720 747 725 small-vehicle
P0218__1__0___1560 0.664 752 855 744 850 755 834 763 839 small-vehicle
P0218__1__0___1560 0.667 598 642 590 635 605 617 613 624 small-vehicle
P0218__1__0___1560 0.668 538 662 530 656 545 637 553 643 small-vehicle
P0218__1__0___1560 0.670 690 584 684 579 695 565 701 570 small-vehicle
P0218__1__0___1560 0.670 624 631 616 625 629 608 637 614 small-vehicle
P0218__1__0___1560 0.670 630 760 623 755 635 737 642 742 small-vehicle
P0218__1__0___1560 0.670 575 595 567 588 582 570 590 577 small-vehicle
P0218__1__0___1560 0.672 706 426 700 422 711 405 717 409 small-vehicle
P0218__1__0___1560 0.673 662 561 655 556 667 538 674 543 small-vehicle
P0218__1__0___1560 0.674 829 815 822 810 834 794 841 799 small-vehicle
P0218__1__0___1560 0.676 769 543 762 538 774 522 781 527 small-vehicle
P0218__1__0___1560 0.677 563 709 556 704 568 686 575 691 small-vehicle
P0218__1__0___1560 0.678 548 669 541 664 555 646 562 651 small-vehicle
P0218__1__0___1560 0.680 792 787 784 782 795 766 803 771 small-vehicle
P0218__1__0___1560 0.680 544 694 536 689 547 673 555 678 small-vehicle
P0218__1__0___1560 0.682 825 783 818 777 830 762 837 768 small-vehicle
P0218__1__0___1560 0.682 581 624 574 619 586 603 593 608 small-vehicle
P0218__1__0___1560 0.684 705 818 698 813 710 797 717 802 small-vehicle
P0218__1__0___1560 0.684 571 620 564 614 576 597 583 603 small-vehicle
P0218__1__0___1560 0.685 761 864 754 859 766 843 773 848 small-vehicle
P0218__1__0___1560 0.686 695 812 687 807 700 789 708 794 small-vehicle
P0218__1__0___1560 0.686 620 556 614 551 625 535 631 540 small-vehicle
P0218__1__0___1560 0.687 681 479 674 474 686 458 693 463 small-vehicle
P0218__1__0___1560 0.688 711 792 703 787 714 771 722 776 small-vehicle
P0218__1__0___1560 0.688 681 577 673 572 684 556 692 561 small-vehicle
P0218__1__0___1560 0.688 648 775 640 770 651 754 659 759 small-vehicle
P0218__1__0___1560 0.689 115 630 99 619 104 611 120 622 small-vehicle
P0218__1__0___1560 0.690 709 502 701 496 714 477 722 483 small-vehicle
P0218__1__0___1560 0.690 747 821 740 816 752 798 759 803 small-vehicle
P0218__1__0___1560 0.692 577 690 570 685 582 669 589 674 small-vehicle
P0218__1__0___1560 0.692 876 755 869 750 881 736 888 741 small-vehicle
P0218__1__0___1560 0.693 572 717 564 711 577 694 585 700 small-vehicle
P0218__1__0___1560 0.695 700 592 693 587 705 569 712 574 small-vehicle
P0218__1__0___1560 0.699 867 555 859 549 872 530 880 536 small-vehicle
P0218__1__0___1560 0.700 665 793 657 787 670 770 678 776 small-vehicle
P0218__1__0___1560 0.701 606 617 598 611 611 592 619 598 small-vehicle
P0218__1__0___1560 0.701 867 747 861 743 872 728 878 732 small-vehicle
P0218__1__0___1560 0.703 634 539 627 534 639 516 646 521 small-vehicle
P0218__1__0___1560 0.703 738 523 730 518 741 502 749 507 small-vehicle
P0218__1__0___1560 0.704 648 577 642 572 653 558 659 563 small-vehicle
P0218__1__0___1560 0.705 776 844 769 839 783 821 790 826 small-vehicle
P0218__1__0___1560 0.707 843 603 836 598 848 582 855 587 small-vehicle
P0218__1__0___1560 0.707 785 560 777 554 792 535 800 541 small-vehicle
P0218__1__0___1560 0.709 778 746 770 741 781 725 789 730 small-vehicle
P0218__1__0___1560 0.710 704 526 697 521 709 505 716 510 small-vehicle
P0218__1__0___1560 0.711 840 631 833 626 845 608 852 613 small-vehicle
P0218__1__0___1560 0.713 810 507 804 503 815 486 821 490 small-vehicle
P0218__1__0___1560 0.716 830 718 823 713 835 695 842 700 small-vehicle
P0218__1__0___1560 0.718 551 702 544 697 556 681 563 686 small-vehicle
P0218__1__0___1560 0.721 699 495 692 489 704 472 711 478 small-vehicle
P0218__1__0___1560 0.723 560 613 553 607 565 590 572 596 small-vehicle
P0218__1__0___1560 0.723 768 836 760 831 771 815 779 820 small-vehicle
P0218__1__0___1560 0.725 671 569 663 564 676 546 684 551 small-vehicle
P0218__1__0___1560 0.728 857 741 850 735 862 718 869 724 small-vehicle
P0218__1__0___1560 0.732 714 534 707 529 719 513 726 518 small-vehicle
P0218__1__0___824 0.293 910 728 886 710 895 699 919 717 large-vehicle
P0218__1__0___824 0.332 45 58 26 58 26 49 45 49 small-vehicle
P0218__1__0___824 0.333 879 703 858 686 866 676 887 693 large-vehicle
P0218__1__0___824 0.471 513 444 508 421 518 419 523 442 small-vehicle
P0218__1__0___824 0.519 1038 187 823 31 991 -199 1206 -43 plane
P0218__1__1648___1560 0.307 73 728 55 714 62 705 80 719 small-vehicle
P0218__1__1648___1560 0.336 284 1020 276 1014 289 995 297 1001 small-vehicle
P0218__1__1648___1560 0.346 793 545 768 529 774 520 799 536 large-vehicle
P0218__1__1648___1560 0.471 133 340 132 315 142 315 143 340 small-vehicle
P0218__1__1648___1560 0.482 846 593 825 576 833 566 854 583 large-vehicle
P0218__1__1648___1560 0.584 590 355 377 188 563 -49 776 117 plane
P0218__1__1648___1560 0.594 358 190 132 25 309 -216 535 -51 plane
P0218__1__1648___1560 0.611 1029 723 809 551 998 310 1218 482 plane
P0218__1__1648___1560 0.637 824 540 603 373 785 133 1006 300 plane
P0218__1__1648___824 0.293 8 530 -209 377 -38 133 179 286 plane
P0218__1__1648___824 0.529 69 718 46 700 54 691 77 709 large-vehicle
P0218__1__1648___824 0.580 588 1090 377 924 563 687 774 853 plane
P0218__1__1648___824 0.624 827 1215 609 1056 788 812 1006 971 plane
P0218__1__1648___824 0.645 357 914 141 744 326 509 542 679 plane
P0218__1__1648___824 0.665 130 732 -88 567 93 327 312 492 plane
P0218__1__2154___1560 0.413 737 898 710 879 716 869 743 888 large-vehicle
P0218__1__2154___1560 0.469 288 545 262 529 267 520 293 536 large-vehicle
P0218__1__2154___1560 0.507 341 593 320 576 328 566 349 583 large-vehicle
P0218__1__2154___1560 0.571 86 354 -128 192 53 -48 268 113 plane
P0218__1__2154___1560 0.601 805 952 785 936 792 927 812 943 large-vehicle
P0218__1__2154___1560 0.606 775 901 558 731 744 494 961 664 plane
P0218__1__2154___1560 0.625 544 721 329 552 515 314 730 483 plane
P0218__1__2154___1560 0.665 315 540 96 368 282 131 501 303 plane
P0218__1__2154___824 0.586 87 1089 -124 929 56 690 268 850 plane
P0218__1__2154___824 0.637 323 1217 101 1055 280 810 502 972 plane
P0218__1__824___0 0.267 182 996 163 983 169 975 188 988 large-vehicle
P0218__1__824___0 0.551 494 1205 273 1032 457 798 678 971 plane
P0218__1__824___0 0.592 21 838 -195 668 -11 433 205 603 plane
P0218__1__824___0 0.676 260 1015 45 847 229 612 444 780 plane
P0218__1__824___1560 0.252 -4 519 -11 514 0 496 7 501 small-vehicle
P0218__1__824___1560 0.262 857 777 839 762 846 754 864 769 small-vehicle
P0218__1__824___1560 0.280 147 990 126 973 132 965 153 982 small-vehicle
P0218__1__824___1560 0.284 40 711 33 706 43 692 50 697 small-vehicle
P0218__1__824___1560 0.319 481 1032 473 1025 488 1007 496 1014 small-vehicle
P0218__1__824___1560 0.370 897 727 880 713 886 706 903 720 small-vehicle
P0218__1__824___1560 0.377 338 1028 316 1025 317 1015 339 1018 small-vehicle
P0218__1__824___1560 0.411 357 1007 335 1005 336 996 358 998 small-vehicle
P0218__1__824___1560 0.428 383 1030 377 1012 384 1009 390 1027 small-vehicle
P0218__1__824___1560 0.457 361 996 341 995 342 987 362 988 small-vehicle
P0218__1__824___1560 0.469 385 797 368 786 374 778 391 789 small-vehicle
P0218__1__824___1560 0.473 472 918 464 894 473 891 481 915 small-vehicle
P0218__1__824___1560 0.475 957 340 956 315 966 315 967 340 small-vehicle
P0218__1__824___1560 0.481 436 902 416 900 417 891 437 893 small-vehicle
P0218__1__824___1560 0.482 408 1000 401 982 407 979 414 997 small-vehicle
P0218__1__824___1560 0.485 213 863 197 849 202 842 218 856 small-vehicle
P0218__1__824___1560 0.487 440 955 432 935 439 932 447 952 small-vehicle
P0218__1__824___1560 0.501 10 790 3 785 13 771 20 776 small-vehicle
P0218__1__824___1560 0.509 65 568 57 563 68 547 76 552 small-vehicle
P0218__1__824___1560 0.515 -5 714 -13 708 0 689 7 695 small-vehicle
P0218__1__824___1560 0.515 456 939 449 918 457 916 464 937 small-vehicle
P0218__1__824___1560 0.515 385 965 367 962 368 954 386 957 small-vehicle
P0218__1__824___1560 0.521 447 948 440 928 448 925 455 945 small-vehicle
P0218__1__824___1560 0.522 229 875 214 862 220 856 235 869 small-vehicle
P0218__1__824___1560 0.523 409 934 389 931 390 923 410 926 small-vehicle
P0218__1__824___1560 0.538 376 809 361 797 367 790 382 802 small-vehicle
P0218__1__824___1560 0.540 400 1009 392 991 399 988 407 1006 small-vehicle
P0218__1__824___1560 0.541 447 976 441 959 448 957 454 974 small-vehicle
P0218__1__824___1560 0.549 105 1030 89 1017 96 1009 112 1022 small-vehicle
P0218__1__824___1560 0.549 345 1017 326 1016 326 1008 345 1009 small-vehicle
P0218__1__824___1560 0.553 36 542 28 537 39 521 47 526 small-vehicle
P0218__1__824___1560 0.559 29 609 22 604 34 588 41 593 small-vehicle
P0218__1__824___1560 0.562 391 1017 383 997 390 994 398 1014 small-vehicle
P0218__1__824___1560 0.570 369 987 350 984 352 976 371 979 small-vehicle
P0218__1__824___1560 0.570 -4 808 -11 803 0 785 7 790 small-vehicle
P0218__1__824___1560 0.574 122 1014 101 999 107 991 128 1006 small-vehicle
P0218__1__824___1560 0.575 112 1021 96 1009 101 1002 117 1014 small-vehicle
P0218__1__824___1560 0.577 421 924 401 921 402 913 422 916 small-vehicle
P0218__1__824___1560 0.580 400 944 381 943 381 935 400 936 small-vehicle
P0218__1__824___1560 0.586 352 838 332 826 337 817 357 829 small-vehicle
P0218__1__824___1560 0.596 0 785 -6 779 5 762 12 768 small-vehicle
P0218__1__824___1560 0.596 394 953 375 952 375 944 394 945 small-vehicle
P0218__1__824___1560 0.613 54 558 46 554 57 537 65 541 small-vehicle
P0218__1__824___1560 0.615 427 912 407 911 408 903 428 904 small-vehicle
P0218__1__824___1560 0.617 433 1005 427 986 434 984 440 1003 small-vehicle
P0218__1__824___1560 0.620 16 528 8 523 19 507 27 512 small-vehicle
P0218__1__824___1560 0.624 24 732 17 727 29 709 36 714 small-vehicle
P0218__1__824___1560 0.626 490 930 482 910 491 907 499 927 small-vehicle
P0218__1__824___1560 0.632 431 964 425 947 432 945 438 962 small-vehicle
P0218__1__824___1560 0.633 464 929 458 911 465 908 471 926 small-vehicle
P0218__1__824___1560 0.633 465 958 459 941 466 939 472 956 small-vehicle
P0218__1__824___1560 0.633 442 992 434 972 441 969 449 989 small-vehicle
P0218__1__824___1560 0.633 377 977 358 974 360 966 379 969 small-vehicle
P0218__1__824___1560 0.646 25 538 17 532 30 513 38 519 small-vehicle
P0218__1__824___1560 0.650 369 818 354 806 360 799 375 811 small-vehicle
P0218__1__824___1560 0.653 482 941 474 921 481 918 489 938 small-vehicle
P0218__1__824___1560 0.657 416 991 408 971 415 968 423 988 small-vehicle
P0218__1__824___1560 0.657 6 815 -1 810 9 794 17 799 small-vehicle
P0218__1__824___1560 0.666 473 952 468 935 476 933 481 950 small-vehicle
P0218__1__824___1560 0.676 424 981 417 961 425 958 432 978 small-vehicle
P0218__1__824___1560 0.680 19 603 12 598 24 582 31 587 small-vehicle
P0218__1__824___1560 0.681 43 555 35 549 48 530 56 536 small-vehicle
P0218__1__824___1560 0.689 43 747 36 743 48 728 55 732 small-vehicle
P0218__1__824___1560 0.690 52 755 45 750 57 736 64 741 small-vehicle
P0218__1__824___1560 0.694 457 971 450 953 458 950 465 968 small-vehicle
P0218__1__824___1560 0.695 16 631 9 626 21 608 28 613 small-vehicle
P0218__1__824___1560 0.695 58 729 50 722 65 704 73 711 small-vehicle
P0218__1__824___1560 0.703 359 828 344 814 350 807 365 821 small-vehicle
P0218__1__824___1560 0.705 6 719 -1 713 11 694 19 700 small-vehicle
P0218__1__824___1560 0.709 33 741 26 735 38 718 45 724 small-vehicle
P0218__1__824___824 0.357 86 728 62 710 71 699 95 717 large-vehicle
P0218__1__824___824 0.373 718 507 692 501 695 490 721 496 large-vehicle
P0218__1__824___824 0.420 56 703 33 686 41 676 64 693 large-vehicle
P0218__1__824___824 0.483 721 557 503 387 690 148 908 318 plane
P0218__1__824___824 0.486 893 719 870 701 878 690 901 708 large-vehicle
P0218__1__824___824 0.587 258 194 36 26 217 -212 439 -44 plane
P0218__1__824___824 0.619 955 728 738 564 916 327 1133 491 plane
P0218__1__824___824 0.651 488 373 273 199 461 -31 676 142 plane
