P0215__1__0___0 0.550 456 568 444 563 463 521 475 526 small-vehicle
P0215__1__0___0 0.629 915 802 908 787 940 771 947 786 small-vehicle
P0215__1__0___0 0.645 371 552 358 543 382 507 395 516 small-vehicle
P0215__1__0___0 0.657 410 571 397 565 415 526 428 532 small-vehicle
P0215__1__0___0 0.725 611 653 562 606 634 532 683 579 plane
P0215__1__0___0 0.736 973 666 926 620 998 545 1045 591 plane
P0215__1__0___0 0.736 478 296 396 208 457 151 539 239 plane
P0215__1__0___0 0.750 849 314 767 229 826 171 908 256 plane
P0215__1__0___0 0.755 664 306 584 220 643 165 723 251 plane
P0215__1__0___0 0.775 792 660 745 612 819 539 866 587 plane
P0215__1__0___346 0.490 456 222 443 216 463 175 476 181 small-vehicle
P0215__1__0___346 0.526 92 762 78 748 111 717 125 731 small-vehicle
P0215__1__0___346 0.542 483 922 470 907 506 877 519 892 small-vehicle
P0215__1__0___346 0.577 371 206 359 198 382 161 394 169 small-vehicle
P0215__1__0___346 0.591 320 705 294 668 309 658 335 695 small-vehicle
P0215__1__0___346 0.593 916 456 908 441 939 425 947 440 small-vehicle
P0215__1__0___346 0.606 183 846 171 834 200 807 212 819 small-vehicle
P0215__1__0___346 0.682 410 224 397 218 415 179 428 185 small-vehicle
P0215__1__0___346 0.729 982 796 908 716 961 667 1035 747 plane
P0215__1__0___346 0.746 610 307 563 262 635 188 682 233 plane
P0215__1__0___346 0.748 974 319 927 275 997 200 1044 244 plane
P0215__1__0___346 0.756 791 314 744 266 818 193 865 241 plane
P0215__1__1648___0 0.549 141 927 92 925 92 908 141 910 small-vehicle
P0215__1__1648___0 0.659 968 759 896 681 1005 580 1077 658 plane
P0215__1__1648___0 0.686 655 376 545 266 624 187 734 297 plane
P0215__1__1648___0 0.704 62 697 10 643 93 562 145 616 plane
P0215__1__1648___0 0.721 784 751 714 675 823 574 893 650 plane
P0215__1__1648___0 0.722 604 744 532 669 641 565 713 640 plane
P0215__1__1648___0 0.727 838 376 730 272 805 195 913 299 plane
P0215__1__1648___0 0.730 286 346 202 262 261 203 345 287 plane
P0215__1__1648___0 0.749 108 341 24 255 83 198 167 284 plane
P0215__1__1648___346 0.388 974 883 928 882 929 864 975 865 small-vehicle
P0215__1__1648___346 0.605 140 580 92 579 93 563 141 564 small-vehicle
P0215__1__1648___346 0.689 969 411 897 333 1004 234 1076 312 plane
P0215__1__1648___346 0.708 60 351 8 297 93 216 145 270 plane
P0215__1__1648___346 0.710 784 405 714 329 823 228 893 304 plane
P0215__1__1648___346 0.715 602 398 532 322 641 221 711 297 plane
P0215__1__1648___346 0.720 803 891 693 777 774 700 884 814 plane
P0215__1__1648___346 0.737 72 846 -9 761 49 705 131 790 plane
P0215__1__1648___346 0.737 234 827 152 742 209 688 291 773 plane
P0215__1__1648___346 0.740 619 881 512 769 592 692 699 804 plane
P0215__1__2179___0 0.283 862 290 848 244 869 237 883 283 small-vehicle
P0215__1__2179___0 0.397 577 292 561 285 586 223 602 230 large-vehicle
P0215__1__2179___0 0.628 305 378 199 272 276 195 382 301 plane
P0215__1__2179___0 0.669 438 759 365 681 473 580 546 658 plane
P0215__1__2179___0 0.683 124 377 13 266 93 186 204 297 plane
P0215__1__2179___0 0.694 621 766 548 690 654 589 727 665 plane
P0215__1__2179___0 0.706 253 751 182 674 290 574 361 651 plane
P0215__1__2179___0 0.723 73 744 0 669 108 565 181 640 plane
P0215__1__2179___0 0.724 800 774 727 698 835 595 908 671 plane
P0215__1__2179___346 0.476 440 883 396 882 397 864 441 865 small-vehicle
P0215__1__2179___346 0.643 271 892 162 779 244 701 353 814 plane
P0215__1__2179___346 0.677 437 412 365 334 474 233 546 311 plane
P0215__1__2179___346 0.701 256 404 183 329 289 227 362 302 plane
P0215__1__2179___346 0.709 621 419 549 345 654 244 726 318 plane
P0215__1__2179___346 0.718 633 900 528 790 606 715 711 825 plane
P0215__1__2179___346 0.727 88 880 -18 770 61 693 168 803 plane
P0215__1__2179___346 0.727 799 427 729 352 836 252 906 327 plane
P0215__1__2179___346 0.732 73 400 0 324 108 219 182 295 plane
P0215__1__824___0 0.370 -23 666 -75 612 7 531 59 585 plane
P0215__1__824___0 0.559 965 928 915 926 916 909 966 911 small-vehicle
P0215__1__824___0 0.564 92 801 85 786 117 770 124 785 small-vehicle
P0215__1__824___0 0.617 150 666 101 619 173 545 222 592 plane
P0215__1__824___0 0.704 884 696 833 642 919 563 970 617 plane
P0215__1__824___0 0.715 747 334 664 247 724 189 807 276 plane
P0215__1__824___0 0.726 25 315 -56 230 2 172 84 257 plane
P0215__1__824___0 0.730 703 685 653 631 736 554 786 608 plane
P0215__1__824___0 0.752 931 339 849 254 908 198 990 283 plane
P0215__1__824___0 0.759 385 320 303 235 362 179 444 264 plane
P0215__1__824___346 0.332 -22 315 -73 261 6 184 57 238 plane
P0215__1__824___346 0.570 1029 816 951 736 1002 687 1080 767 plane
P0215__1__824___346 0.572 93 456 85 441 116 425 124 440 small-vehicle
P0215__1__824___346 0.623 964 580 916 579 917 563 965 564 small-vehicle
P0215__1__824___346 0.685 882 352 832 298 919 217 969 271 plane
P0215__1__824___346 0.698 714 843 632 754 693 698 775 787 plane
P0215__1__824___346 0.713 159 795 85 715 136 668 210 748 plane
P0215__1__824___346 0.719 343 807 266 724 320 674 397 757 plane
P0215__1__824___346 0.729 149 321 102 275 174 200 221 246 plane
P0215__1__824___346 0.731 703 339 652 284 736 206 787 261 plane
P0215__1__824___346 0.745 895 847 812 761 872 704 955 790 plane
P0215__1__824___346 0.747 531 833 452 748 512 692 591 777 plane
