P0223__1__0___0 0.361 744 19 737 5 743 2 750 16 small-vehicle
P0223__1__0___0 0.462 461 255 455 244 486 226 492 237 large-vehicle
P0223__1__0___0 0.509 610 330 602 314 609 311 617 327 small-vehicle
P0223__1__0___0 0.537 500 321 494 311 527 292 533 302 large-vehicle
P0223__1__0___0 0.539 183 541 162 488 206 470 227 523 helicopter
P0223__1__0___0 0.551 641 686 624 655 634 649 651 680 large-vehicle
P0223__1__0___0 0.561 662 310 653 291 661 287 670 306 small-vehicle
P0223__1__0___0 0.568 471 272 464 262 496 241 503 251 large-vehicle
P0223__1__0___0 0.576 674 305 665 286 673 282 682 301 small-vehicle
P0223__1__0___0 0.588 126 74 80 47 103 9 149 36 plane
P0223__1__0___0 0.592 627 272 612 250 620 245 635 267 small-vehicle
P0223__1__0___0 0.609 712 279 701 260 709 256 720 275 small-vehicle
P0223__1__0___0 0.627 629 696 608 662 620 655 641 689 large-vehicle
P0223__1__0___0 0.636 649 254 639 237 646 233 656 250 small-vehicle
P0223__1__0___0 0.644 654 316 644 297 651 293 661 312 small-vehicle
P0223__1__0___0 0.646 881 822 876 813 896 803 901 812 small-vehicle
P0223__1__0___0 0.648 645 319 636 304 642 300 651 315 small-vehicle
P0223__1__0___0 0.677 656 678 633 641 643 635 666 672 large-vehicle
P0223__1__0___0 0.688 616 477 598 435 631 422 649 464 plane
P0223__1__0___0 0.698 279 552 220 435 330 379 389 496 plane
P0223__1__0___0 0.709 297 716 280 685 322 663 339 694 plane
P0223__1__0___0 0.715 568 763 552 735 595 710 611 738 plane
P0223__1__0___0 0.722 619 329 610 311 618 308 627 326 small-vehicle
P0223__1__0___0 0.724 517 786 503 760 538 741 552 767 plane
P0223__1__0___0 0.727 363 833 347 806 388 782 404 809 plane
P0223__1__0___0 0.734 468 993 446 957 503 922 525 958 plane
P0223__1__0___0 0.735 524 744 507 715 547 691 564 720 plane
P0223__1__0___0 0.738 770 417 749 376 777 362 798 403 plane
P0223__1__0___0 0.743 978 470 962 441 999 421 1015 450 plane
P0223__1__0___0 0.744 405 852 388 821 430 797 447 828 plane
P0223__1__0___0 0.752 617 558 594 516 622 501 645 543 plane
P0223__1__0___0 0.754 684 839 662 800 715 772 737 811 plane
P0223__1__0___0 0.756 464 821 445 790 481 768 500 799 plane
P0223__1__0___0 0.757 418 801 403 771 443 750 458 780 plane
P0223__1__0___0 0.759 498 464 475 411 537 385 560 438 plane
P0223__1__0___0 0.766 631 911 602 856 664 824 693 879 plane
P0223__1__0___0 0.767 595 515 573 473 602 458 624 500 plane
P0223__1__0___0 0.791 392 631 365 576 417 550 444 605 plane
P0223__1__0___0 0.794 471 777 453 745 496 722 514 754 plane
P0223__1__0___441 0.419 183 99 162 46 206 28 227 81 helicopter
P0223__1__0___441 0.554 641 245 624 216 634 210 651 239 large-vehicle
P0223__1__0___441 0.584 881 382 876 373 896 363 901 372 small-vehicle
P0223__1__0___441 0.606 656 237 633 200 643 194 666 231 large-vehicle
P0223__1__0___441 0.642 513 19 501 -9 538 -25 550 3 plane
P0223__1__0___441 0.650 630 255 609 221 621 214 642 248 large-vehicle
P0223__1__0___441 0.687 276 110 217 -10 333 -66 392 54 plane
P0223__1__0___441 0.687 419 359 404 331 442 310 457 338 plane
P0223__1__0___441 0.692 979 30 962 -1 998 -20 1015 11 plane
P0223__1__0___441 0.693 297 277 280 244 322 222 339 255 plane
P0223__1__0___441 0.702 685 399 664 359 716 332 737 372 plane
P0223__1__0___441 0.705 568 321 553 294 595 270 610 297 plane
P0223__1__0___441 0.719 598 664 562 601 621 567 657 630 plane
P0223__1__0___441 0.723 468 551 446 515 503 480 525 516 plane
P0223__1__0___441 0.725 362 393 347 366 389 342 404 369 plane
P0223__1__0___441 0.730 517 345 503 318 538 300 552 327 plane
P0223__1__0___441 0.738 617 118 594 77 622 61 645 102 plane
P0223__1__0___441 0.745 524 303 507 273 547 250 564 280 plane
P0223__1__0___441 0.746 596 74 573 33 601 17 624 58 plane
P0223__1__0___441 0.758 405 410 388 378 430 355 447 387 plane
P0223__1__0___441 0.760 736 760 691 679 763 639 808 720 plane
P0223__1__0___441 0.764 463 380 444 349 482 327 501 358 plane
P0223__1__0___441 0.765 617 37 597 -4 628 -19 648 22 plane
P0223__1__0___441 0.777 391 190 364 135 416 109 443 164 plane
P0223__1__0___441 0.798 633 470 603 415 664 383 694 438 plane
P0223__1__0___441 0.803 940 905 853 897 861 814 948 822 plane
P0223__1__0___441 0.811 471 337 454 304 496 282 513 315 plane
P0223__1__780___0 0.281 584 903 571 886 579 880 592 897 small-vehicle
P0223__1__780___0 0.291 521 768 513 755 520 751 528 764 small-vehicle
P0223__1__780___0 0.380 713 994 695 981 700 973 718 986 small-vehicle
P0223__1__780___0 0.408 364 922 360 915 377 905 381 912 small-vehicle
P0223__1__780___0 0.423 523 931 511 913 518 908 530 926 small-vehicle
P0223__1__780___0 0.427 441 978 429 961 436 955 448 972 small-vehicle
P0223__1__780___0 0.439 500 947 485 928 493 922 508 941 small-vehicle
P0223__1__780___0 0.470 749 944 728 940 730 931 751 935 small-vehicle
P0223__1__780___0 0.473 608 791 594 769 603 764 617 786 small-vehicle
P0223__1__780___0 0.487 533 766 522 750 530 745 541 761 small-vehicle
P0223__1__780___0 0.495 301 918 297 910 314 901 318 909 small-vehicle
P0223__1__780___0 0.498 486 860 476 845 483 841 493 856 small-vehicle
P0223__1__780___0 0.500 419 992 407 974 414 969 426 987 small-vehicle
P0223__1__780___0 0.502 579 807 569 790 576 786 586 803 small-vehicle
P0223__1__780___0 0.517 682 836 672 816 681 811 691 831 small-vehicle
P0223__1__780___0 0.517 560 911 547 892 555 886 568 905 small-vehicle
P0223__1__780___0 0.518 409 999 396 980 404 974 417 993 small-vehicle
P0223__1__780___0 0.521 431 982 420 966 428 961 439 977 small-vehicle
P0223__1__780___0 0.522 622 678 614 662 621 659 629 675 small-vehicle
P0223__1__780___0 0.528 514 775 505 760 511 756 520 771 small-vehicle
P0223__1__780___0 0.534 385 673 375 659 382 654 392 668 small-vehicle
P0223__1__780___0 0.537 466 804 457 790 463 785 472 799 small-vehicle
P0223__1__780___0 0.548 295 944 284 923 292 919 303 940 small-vehicle
P0223__1__780___0 0.549 552 757 541 739 549 734 560 752 small-vehicle
P0223__1__780___0 0.551 702 733 693 717 701 712 710 728 small-vehicle
P0223__1__780___0 0.558 616 878 603 861 611 855 624 872 small-vehicle
P0223__1__780___0 0.564 637 866 625 848 632 843 644 861 small-vehicle
P0223__1__780___0 0.568 720 693 715 686 727 676 732 683 small-vehicle
P0223__1__780___0 0.569 375 1013 366 994 374 990 383 1009 small-vehicle
P0223__1__780___0 0.575 455 970 441 954 448 949 462 965 small-vehicle
P0223__1__780___0 0.578 615 589 608 582 624 568 631 575 small-vehicle
P0223__1__780___0 0.580 516 740 504 721 513 715 525 734 small-vehicle
P0223__1__780___0 0.581 246 930 237 913 245 909 254 926 small-vehicle
P0223__1__780___0 0.591 597 797 586 779 594 774 605 792 small-vehicle
P0223__1__780___0 0.593 497 790 486 773 494 769 505 786 small-vehicle
P0223__1__780___0 0.595 455 877 445 862 452 858 462 873 small-vehicle
P0223__1__780___0 0.595 319 947 314 939 330 930 335 938 small-vehicle
P0223__1__780___0 0.599 494 854 483 837 491 833 502 850 small-vehicle
P0223__1__780___0 0.599 511 937 498 920 506 914 519 931 small-vehicle
P0223__1__780___0 0.604 702 676 695 670 709 657 716 663 small-vehicle
P0223__1__780___0 0.604 312 938 308 931 323 923 327 930 small-vehicle
P0223__1__780___0 0.609 306 927 302 919 321 910 325 918 small-vehicle
P0223__1__780___0 0.611 646 767 635 751 643 746 654 762 small-vehicle
P0223__1__780___0 0.615 407 839 403 832 420 822 424 829 small-vehicle
P0223__1__780___0 0.618 497 750 487 734 494 729 504 745 small-vehicle
P0223__1__780___0 0.623 562 710 552 692 561 687 571 705 small-vehicle
P0223__1__780___0 0.625 367 932 363 924 380 915 384 923 small-vehicle
P0223__1__780___0 0.627 411 849 406 841 424 830 429 838 small-vehicle
P0223__1__780___0 0.629 397 1004 386 988 394 983 405 999 small-vehicle
P0223__1__780___0 0.631 352 904 347 895 365 885 370 894 small-vehicle
P0223__1__780___0 0.631 359 913 355 906 372 896 376 903 small-vehicle
P0223__1__780___0 0.631 476 866 465 849 473 845 484 862 small-vehicle
P0223__1__780___0 0.632 727 617 713 601 720 594 734 610 small-vehicle
P0223__1__780___0 0.632 488 756 475 736 483 731 496 751 small-vehicle
P0223__1__780___0 0.639 101 822 97 814 116 805 120 813 small-vehicle
P0223__1__780___0 0.640 629 712 618 696 626 691 637 707 small-vehicle
P0223__1__780___0 0.649 486 793 475 776 483 772 494 789 small-vehicle
P0223__1__780___0 0.652 694 740 684 723 691 719 701 736 small-vehicle
P0223__1__780___0 0.656 647 701 637 683 646 678 656 696 small-vehicle
P0223__1__780___0 0.667 505 849 495 832 502 828 512 845 small-vehicle
P0223__1__780___0 0.667 449 775 438 757 446 752 457 770 small-vehicle
P0223__1__780___0 0.667 459 771 449 754 456 750 466 767 small-vehicle
P0223__1__780___0 0.668 525 838 515 822 522 817 532 833 small-vehicle
P0223__1__780___0 0.671 611 681 602 665 610 660 619 676 small-vehicle
P0223__1__780___0 0.694 516 842 505 825 511 821 522 838 small-vehicle
P0223__1__780___0 0.696 775 994 743 964 764 941 796 971 plane
P0223__1__780___0 0.711 715 985 698 959 736 934 753 960 plane
P0223__1__780___0 0.729 -7 418 -28 379 -2 365 18 404 plane
P0223__1__780___0 0.730 477 761 465 744 474 738 486 755 small-vehicle
P0223__1__780___0 0.767 197 470 180 440 218 419 235 449 plane
P0223__1__780___0 0.773 678 1036 658 1014 687 987 707 1009 plane
P0223__1__780___441 0.257 586 463 572 444 581 438 595 457 small-vehicle
P0223__1__780___441 0.292 523 328 513 313 520 309 530 324 small-vehicle
P0223__1__780___441 0.425 750 502 729 498 731 489 752 493 small-vehicle
P0223__1__780___441 0.446 533 325 522 309 530 304 541 320 small-vehicle
P0223__1__780___441 0.451 441 537 428 520 436 514 449 531 small-vehicle
P0223__1__780___441 0.451 314 611 303 593 311 588 322 606 small-vehicle
P0223__1__780___441 0.464 711 553 694 540 700 532 717 545 small-vehicle
P0223__1__780___441 0.465 366 481 361 473 377 464 382 472 small-vehicle
P0223__1__780___441 0.478 289 622 276 601 286 595 299 616 small-vehicle
P0223__1__780___441 0.478 466 363 456 347 463 342 473 358 small-vehicle
P0223__1__780___441 0.489 408 557 395 539 403 534 416 552 small-vehicle
P0223__1__780___441 0.491 385 232 375 218 382 213 392 227 small-vehicle
P0223__1__780___441 0.494 560 469 548 451 555 446 567 464 small-vehicle
P0223__1__780___441 0.499 497 349 486 332 494 328 505 345 small-vehicle
P0223__1__780___441 0.500 500 506 485 487 493 481 508 500 small-vehicle
P0223__1__780___441 0.504 552 316 541 298 549 293 560 311 small-vehicle
P0223__1__780___441 0.508 295 504 283 483 292 479 304 500 small-vehicle
P0223__1__780___441 0.514 523 491 511 473 518 468 530 486 small-vehicle
P0223__1__780___441 0.521 375 572 366 553 374 549 383 568 small-vehicle
P0223__1__780___441 0.521 300 477 296 469 313 460 317 468 small-vehicle
P0223__1__780___441 0.528 420 552 408 534 415 529 427 547 small-vehicle
P0223__1__780___441 0.541 622 237 614 222 621 218 629 233 small-vehicle
P0223__1__780___441 0.541 720 252 714 245 727 235 733 242 small-vehicle
P0223__1__780___441 0.542 486 419 476 404 483 400 493 415 small-vehicle
P0223__1__780___441 0.542 432 543 420 526 429 520 441 537 small-vehicle
P0223__1__780___441 0.547 615 147 608 140 622 126 629 133 small-vehicle
P0223__1__780___441 0.561 359 472 355 465 372 455 376 462 small-vehicle
P0223__1__780___441 0.562 454 532 441 513 449 507 462 526 small-vehicle
P0223__1__780___441 0.570 579 365 568 348 576 344 587 361 small-vehicle
P0223__1__780___441 0.572 514 334 504 319 511 315 521 330 small-vehicle
P0223__1__780___441 0.573 683 394 672 376 680 371 691 389 small-vehicle
P0223__1__780___441 0.574 703 292 693 276 700 271 710 287 small-vehicle
P0223__1__780___441 0.579 494 414 483 397 491 393 502 410 small-vehicle
P0223__1__780___441 0.582 607 350 593 329 602 323 616 344 small-vehicle
P0223__1__780___441 0.583 617 437 604 420 612 414 625 431 small-vehicle
P0223__1__780___441 0.583 317 506 313 498 330 489 334 497 small-vehicle
P0223__1__780___441 0.589 638 426 626 409 633 403 645 420 small-vehicle
P0223__1__780___441 0.594 727 177 713 161 720 154 734 170 small-vehicle
P0223__1__780___441 0.594 312 498 307 490 323 481 328 489 small-vehicle
P0223__1__780___441 0.595 454 437 445 421 453 416 462 432 small-vehicle
P0223__1__780___441 0.601 598 355 586 337 593 332 605 350 small-vehicle
P0223__1__780___441 0.602 629 271 618 255 626 250 637 266 small-vehicle
P0223__1__780___441 0.606 516 300 503 279 513 273 526 294 small-vehicle
P0223__1__780___441 0.613 511 496 499 479 506 473 518 490 small-vehicle
P0223__1__780___441 0.615 612 240 602 223 609 219 619 236 small-vehicle
P0223__1__780___441 0.615 397 563 386 545 394 540 405 558 small-vehicle
P0223__1__780___441 0.617 702 235 696 229 709 216 715 222 small-vehicle
P0223__1__780___441 0.618 498 309 487 292 495 288 506 305 small-vehicle
P0223__1__780___441 0.618 647 259 638 242 646 238 655 255 small-vehicle
P0223__1__780___441 0.620 101 381 96 372 116 362 121 371 small-vehicle
P0223__1__780___441 0.621 449 334 438 316 446 311 457 329 small-vehicle
P0223__1__780___441 0.625 407 397 403 390 420 380 424 387 small-vehicle
P0223__1__780___441 0.628 477 320 465 303 474 297 486 314 small-vehicle
P0223__1__780___441 0.631 563 269 552 251 560 246 571 264 small-vehicle
P0223__1__780___441 0.633 486 352 476 336 483 331 493 347 small-vehicle
P0223__1__780___441 0.634 245 490 236 471 244 467 253 486 small-vehicle
P0223__1__780___441 0.641 353 463 347 455 364 444 370 452 small-vehicle
P0223__1__780___441 0.646 608 875 575 875 575 824 608 824 plane
P0223__1__780___441 0.646 459 330 449 313 456 309 466 326 small-vehicle
P0223__1__780___441 0.648 516 401 504 385 511 380 523 396 small-vehicle
P0223__1__780___441 0.649 367 492 362 484 380 473 385 481 small-vehicle
P0223__1__780___441 0.649 411 407 407 400 424 390 428 397 small-vehicle
P0223__1__780___441 0.651 645 326 634 310 642 305 653 321 small-vehicle
P0223__1__780___441 0.651 306 488 302 479 321 469 325 478 small-vehicle
P0223__1__780___441 0.652 504 407 494 390 501 386 511 403 small-vehicle
P0223__1__780___441 0.655 488 314 475 294 483 289 496 309 small-vehicle
P0223__1__780___441 0.657 525 397 514 381 522 376 533 392 small-vehicle
P0223__1__780___441 0.690 775 553 743 523 764 500 796 530 plane
P0223__1__780___441 0.697 477 425 466 409 474 404 485 420 small-vehicle
P0223__1__780___441 0.702 197 30 181 0 218 -18 234 11 plane
P0223__1__780___441 0.706 694 299 683 282 691 278 702 295 small-vehicle
P0223__1__780___441 0.710 744 903 742 860 771 858 773 901 plane
P0223__1__780___441 0.711 456 805 455 758 487 758 488 805 plane
P0223__1__780___441 0.719 488 749 456 747 459 698 491 700 plane
P0223__1__780___441 0.728 714 542 698 515 735 493 751 520 plane
P0223__1__780___441 0.739 650 719 618 717 621 670 653 672 plane
P0223__1__780___441 0.744 649 778 617 778 618 733 650 733 plane
P0223__1__780___441 0.751 748 782 747 735 779 733 780 780 plane
P0223__1__780___441 0.763 676 598 655 577 687 545 708 566 plane
P0223__1__780___441 0.766 775 840 744 839 744 799 775 800 plane
P0223__1__780___441 0.766 614 749 580 748 581 700 615 701 plane
P0223__1__780___441 0.807 396 642 344 639 347 595 399 598 plane
P0223__1__780___441 0.833 160 904 75 898 81 815 166 821 plane
