P0221__1__0___0 0.274 16 653 10 633 19 630 25 650 small-vehicle
P0221__1__0___0 0.305 383 116 373 109 390 83 400 90 large-vehicle
P0221__1__0___0 0.306 838 1040 810 1010 831 991 859 1021 plane
P0221__1__0___0 0.326 837 1025 809 994 830 974 858 1005 plane
P0221__1__0___0 0.332 478 410 460 391 467 385 485 404 small-vehicle
P0221__1__0___0 0.388 246 238 243 230 261 225 264 233 small-vehicle
P0221__1__0___0 0.400 64 801 57 781 65 778 72 798 small-vehicle
P0221__1__0___0 0.403 294 635 291 626 309 620 312 629 small-vehicle
P0221__1__0___0 0.420 1022 903 995 869 1017 852 1044 886 plane
P0221__1__0___0 0.427 1021 1046 993 1016 1014 997 1042 1027 plane
P0221__1__0___0 0.451 158 892 152 873 161 869 167 888 small-vehicle
P0221__1__0___0 0.470 228 871 221 851 229 848 236 868 small-vehicle
P0221__1__0___0 0.497 285 689 269 672 276 666 292 683 small-vehicle
P0221__1__0___0 0.503 145 799 138 781 146 778 153 796 small-vehicle
P0221__1__0___0 0.522 156 823 146 802 155 798 165 819 small-vehicle
P0221__1__0___0 0.526 165 815 153 784 164 780 176 811 large-vehicle
P0221__1__0___0 0.538 295 856 289 838 298 835 304 853 small-vehicle
P0221__1__0___0 0.541 303 746 296 728 304 725 311 743 small-vehicle
P0221__1__0___0 0.563 218 872 212 852 221 849 227 869 small-vehicle
P0221__1__0___0 0.570 285 859 278 839 286 836 293 856 small-vehicle
P0221__1__0___0 0.612 314 736 305 714 315 711 324 733 small-vehicle
P0221__1__0___0 0.613 688 824 654 793 663 783 697 814 large-vehicle
P0221__1__0___0 0.613 317 855 311 837 320 834 326 852 small-vehicle
P0221__1__0___0 0.615 979 1043 952 1017 970 998 997 1024 plane
P0221__1__0___0 0.622 298 647 295 638 313 632 316 641 small-vehicle
P0221__1__0___0 0.636 198 876 192 858 201 855 207 873 small-vehicle
P0221__1__0___0 0.639 773 983 746 952 766 934 793 965 plane
P0221__1__0___0 0.644 332 854 326 835 335 833 341 852 small-vehicle
P0221__1__0___0 0.647 32 883 25 852 49 846 56 877 plane
P0221__1__0___0 0.649 308 670 305 661 321 655 324 664 small-vehicle
P0221__1__0___0 0.651 917 937 889 905 910 886 938 918 plane
P0221__1__0___0 0.658 457 446 429 418 448 399 476 427 plane
P0221__1__0___0 0.667 237 864 231 845 240 843 246 862 small-vehicle
P0221__1__0___0 0.668 852 862 822 835 839 815 869 842 plane
P0221__1__0___0 0.673 168 890 161 869 171 865 178 886 small-vehicle
P0221__1__0___0 0.674 146 896 137 873 147 869 156 892 small-vehicle
P0221__1__0___0 0.676 952 973 925 943 947 924 974 954 plane
P0221__1__0___0 0.676 437 1035 430 1008 470 998 477 1025 plane
P0221__1__0___0 0.677 533 1027 526 1001 566 990 573 1016 plane
P0221__1__0___0 0.678 307 856 301 837 310 835 316 854 small-vehicle
P0221__1__0___0 0.680 248 863 241 842 251 838 258 859 small-vehicle
P0221__1__0___0 0.688 274 858 267 840 275 837 282 855 small-vehicle
P0221__1__0___0 0.692 880 564 844 518 869 499 905 545 plane
P0221__1__0___0 0.693 735 396 701 361 720 343 754 378 plane
P0221__1__0___0 0.696 483 1026 478 996 520 989 525 1019 plane
P0221__1__0___0 0.700 186 883 178 860 189 856 197 879 small-vehicle
P0221__1__0___0 0.702 805 693 780 677 792 658 817 674 plane
P0221__1__0___0 0.708 27 848 21 820 56 813 62 841 plane
P0221__1__0___0 0.721 697 712 672 686 690 669 715 695 plane
P0221__1__0___0 0.721 964 824 939 794 961 775 986 805 plane
P0221__1__0___0 0.729 572 583 545 549 571 528 598 562 plane
P0221__1__0___0 0.733 629 894 602 862 622 845 649 877 plane
P0221__1__0___0 0.735 884 900 857 869 877 851 904 882 plane
P0221__1__0___0 0.736 641 304 601 259 624 237 664 282 plane
P0221__1__0___0 0.737 515 515 487 481 510 462 538 496 plane
P0221__1__0___0 0.737 689 359 649 312 674 290 714 337 plane
P0221__1__0___0 0.738 21 820 12 789 52 777 61 808 plane
P0221__1__0___0 0.739 925 793 895 759 924 734 954 768 plane
P0221__1__0___0 0.741 945 1012 919 983 938 965 964 994 plane
P0221__1__0___0 0.752 454 178 432 157 463 125 485 146 plane
P0221__1__0___0 0.754 104 833 93 799 133 786 144 820 plane
P0221__1__0___0 0.758 994 875 961 832 993 808 1026 851 plane
P0221__1__0___0 0.758 443 764 430 723 456 715 469 756 plane
P0221__1__0___0 0.759 649 728 624 699 642 685 667 714 plane
P0221__1__0___0 0.788 53 839 43 812 80 798 90 825 plane
P0221__1__0___1172 0.254 654 88 652 78 685 71 687 81 large-vehicle
P0221__1__0___1172 0.274 48 510 45 501 61 495 64 504 small-vehicle
P0221__1__0___1172 0.302 526 924 524 915 549 909 551 918 small-vehicle
P0221__1__0___1172 0.308 89 872 86 865 104 857 107 864 small-vehicle
P0221__1__0___1172 0.309 760 42 757 32 783 23 786 33 large-vehicle
P0221__1__0___1172 0.312 758 58 755 48 781 41 784 51 small-vehicle
P0221__1__0___1172 0.371 599 548 596 538 626 531 629 541 large-vehicle
P0221__1__0___1172 0.375 707 183 704 175 726 168 729 176 small-vehicle
P0221__1__0___1172 0.379 133 613 128 593 138 590 143 610 small-vehicle
P0221__1__0___1172 0.395 783 239 771 215 782 210 794 234 large-vehicle
P0221__1__0___1172 0.398 289 1004 285 995 306 987 310 996 small-vehicle
P0221__1__0___1172 0.399 810 12 807 3 839 -6 842 2 large-vehicle
P0221__1__0___1172 0.405 151 573 146 555 156 552 161 570 small-vehicle
P0221__1__0___1172 0.446 283 986 279 975 306 965 310 976 small-vehicle
P0221__1__0___1172 0.470 702 864 699 854 721 847 724 857 small-vehicle
P0221__1__0___1172 0.506 66 872 63 863 85 855 88 864 small-vehicle
P0221__1__0___1172 0.523 519 299 515 280 524 278 528 297 small-vehicle
P0221__1__0___1172 0.525 54 591 50 582 69 576 73 585 small-vehicle
P0221__1__0___1172 0.532 946 316 939 295 949 291 956 312 small-vehicle
P0221__1__0___1172 0.534 957 828 950 810 978 799 985 817 plane
P0221__1__0___1172 0.539 81 756 80 747 100 745 101 754 small-vehicle
P0221__1__0___1172 0.551 39 466 37 457 56 453 58 462 small-vehicle
P0221__1__0___1172 0.552 0 391 -1 382 16 380 17 389 small-vehicle
P0221__1__0___1172 0.627 822 615 811 572 841 564 852 607 plane
P0221__1__0___1172 0.665 789 795 775 756 808 744 822 783 plane
P0221__1__0___1172 0.671 777 751 764 711 790 702 803 742 plane
P0221__1__0___1172 0.673 763 707 752 668 780 660 791 699 plane
P0221__1__0___1172 0.675 796 48 793 37 847 21 850 32 large-vehicle
P0221__1__0___1172 0.675 572 857 559 816 585 808 598 849 plane
P0221__1__0___1172 0.686 503 905 489 865 516 856 530 896 plane
P0221__1__0___1172 0.704 847 701 840 659 868 654 875 696 plane
P0221__1__0___1172 0.707 679 382 669 351 710 339 720 370 plane
P0221__1__0___1172 0.707 449 728 438 691 466 683 477 720 plane
P0221__1__0___1172 0.708 462 775 449 733 477 724 490 766 plane
P0221__1__0___1172 0.708 248 976 242 957 251 953 257 972 small-vehicle
P0221__1__0___1172 0.709 505 642 491 599 522 589 536 632 plane
P0221__1__0___1172 0.709 710 534 695 492 723 483 738 525 plane
P0221__1__0___1172 0.713 420 629 394 595 415 578 441 612 plane
P0221__1__0___1172 0.714 478 819 464 778 491 768 505 809 plane
P0221__1__0___1172 0.715 737 620 729 578 756 573 764 615 plane
P0221__1__0___1172 0.718 792 32 790 23 835 9 837 18 large-vehicle
P0221__1__0___1172 0.719 752 662 741 625 767 617 778 654 plane
P0221__1__0___1172 0.719 413 716 406 673 434 669 441 712 plane
P0221__1__0___1172 0.720 940 634 928 593 955 585 967 626 plane
P0221__1__0___1172 0.720 836 661 823 619 853 610 866 652 plane
P0221__1__0___1172 0.722 977 39 946 9 968 -13 999 16 plane
P0221__1__0___1172 0.722 862 745 851 705 877 698 888 738 plane
P0221__1__0___1172 0.725 557 406 548 381 586 369 595 394 plane
P0221__1__0___1172 0.728 291 349 282 317 324 304 333 336 plane
P0221__1__0___1172 0.729 603 433 595 410 622 400 630 423 plane
P0221__1__0___1172 0.730 520 685 507 643 535 634 548 676 plane
P0221__1__0___1172 0.731 533 729 520 687 546 680 559 722 plane
P0221__1__0___1172 0.738 867 327 859 303 892 292 900 316 plane
P0221__1__0___1172 0.751 902 332 893 306 931 293 940 319 plane
P0221__1__0___1172 0.757 660 413 652 384 687 376 695 405 plane
P0221__1__0___1172 0.759 496 423 490 396 523 388 529 415 plane
P0221__1__0___1172 0.761 811 469 803 438 844 428 852 459 plane
P0221__1__0___1172 0.762 537 455 527 428 568 414 578 441 plane
P0221__1__0___1172 0.764 680 271 670 241 711 228 721 258 plane
P0221__1__0___1172 0.764 484 469 476 448 501 438 509 459 plane
P0221__1__0___1172 0.771 723 259 714 229 756 216 765 246 plane
P0221__1__0___1172 0.776 868 453 859 425 899 412 908 440 plane
P0221__1__0___824 0.264 762 389 759 380 783 372 786 381 large-vehicle
P0221__1__0___824 0.269 1001 78 975 45 998 27 1024 60 plane
P0221__1__0___824 0.275 654 437 652 426 685 418 687 429 large-vehicle
P0221__1__0___824 0.277 848 1019 837 980 867 972 878 1011 plane
P0221__1__0___824 0.295 237 299 234 290 258 282 261 291 large-vehicle
P0221__1__0___824 0.298 133 961 128 941 138 938 143 958 small-vehicle
P0221__1__0___824 0.301 810 359 808 350 839 342 841 351 large-vehicle
P0221__1__0___824 0.315 709 532 705 522 726 515 730 525 small-vehicle
P0221__1__0___824 0.351 599 897 596 886 626 878 629 889 large-vehicle
P0221__1__0___824 0.429 39 814 37 805 56 801 58 810 small-vehicle
P0221__1__0___824 0.436 757 406 755 396 780 389 782 399 large-vehicle
P0221__1__0___824 0.452 784 588 773 564 783 559 794 583 large-vehicle
P0221__1__0___824 0.455 1017 76 994 47 1014 31 1037 60 plane
P0221__1__0___824 0.455 228 47 221 27 229 24 236 44 small-vehicle
P0221__1__0___824 0.473 157 67 150 47 160 44 167 64 small-vehicle
P0221__1__0___824 0.482 53 940 50 930 70 923 73 933 small-vehicle
P0221__1__0___824 0.484 946 664 939 643 949 639 956 660 small-vehicle
P0221__1__0___824 0.484 519 648 515 629 524 627 528 646 small-vehicle
P0221__1__0___824 0.515 295 31 289 13 298 10 304 28 small-vehicle
P0221__1__0___824 0.524 152 922 146 903 155 899 161 918 small-vehicle
P0221__1__0___824 0.524 53 15 44 -6 78 -21 87 0 plane
P0221__1__0___824 0.535 151 211 148 201 180 192 183 202 large-vehicle
P0221__1__0___824 0.569 0 739 -1 730 16 728 17 737 small-vehicle
P0221__1__0___824 0.586 317 30 311 12 320 9 326 27 small-vehicle
P0221__1__0___824 0.594 218 48 212 29 221 25 227 44 small-vehicle
P0221__1__0___824 0.595 849 1045 839 1004 866 998 876 1039 plane
P0221__1__0___824 0.599 285 34 278 14 286 11 293 31 small-vehicle
P0221__1__0___824 0.612 796 395 793 385 847 370 850 380 large-vehicle
P0221__1__0___824 0.613 851 38 821 10 840 -8 870 19 plane
P0221__1__0___824 0.614 521 1030 509 991 534 983 546 1022 plane
P0221__1__0___824 0.616 100 263 95 246 103 244 108 261 small-vehicle
P0221__1__0___824 0.639 332 30 326 11 335 9 341 28 small-vehicle
P0221__1__0___824 0.643 33 57 25 27 48 22 56 52 plane
P0221__1__0___824 0.654 198 52 192 34 201 31 207 49 small-vehicle
P0221__1__0___824 0.665 1021 224 994 194 1014 175 1041 205 plane
P0221__1__0___824 0.667 354 245 344 215 385 202 395 232 plane
P0221__1__0___824 0.668 168 64 161 44 171 41 178 61 small-vehicle
P0221__1__0___824 0.669 941 983 929 942 956 934 968 975 plane
P0221__1__0___824 0.674 307 31 301 12 310 10 316 29 small-vehicle
P0221__1__0___824 0.677 237 40 231 21 240 19 246 38 small-vehicle
P0221__1__0___824 0.677 247 38 241 18 252 15 258 35 small-vehicle
P0221__1__0___824 0.681 27 25 21 -3 60 -11 66 17 plane
P0221__1__0___824 0.681 822 963 811 920 841 912 852 955 plane
P0221__1__0___824 0.687 679 731 670 702 712 688 721 717 plane
P0221__1__0___824 0.687 274 33 267 15 275 12 282 30 small-vehicle
P0221__1__0___824 0.688 982 225 953 194 973 176 1002 207 plane
P0221__1__0___824 0.689 659 761 652 733 688 724 695 752 plane
P0221__1__0___824 0.692 791 382 788 371 836 357 839 368 large-vehicle
P0221__1__0___824 0.694 952 149 925 118 947 100 974 131 plane
P0221__1__0___824 0.696 557 754 548 729 586 717 595 742 plane
P0221__1__0___824 0.703 602 780 594 759 623 749 631 770 plane
P0221__1__0___824 0.704 917 113 890 81 910 64 937 96 plane
P0221__1__0___824 0.708 534 205 526 177 565 166 573 194 plane
P0221__1__0___824 0.708 146 71 137 48 147 44 156 67 small-vehicle
P0221__1__0___824 0.711 186 58 179 36 189 33 196 55 small-vehicle
P0221__1__0___824 0.712 1016 262 990 233 1009 215 1035 244 plane
P0221__1__0___824 0.714 977 386 947 356 968 335 998 365 plane
P0221__1__0___824 0.714 836 1009 823 967 853 958 866 1000 plane
P0221__1__0___824 0.717 773 159 746 128 766 110 793 141 plane
P0221__1__0___824 0.717 710 883 695 839 723 830 738 874 plane
P0221__1__0___824 0.718 306 258 298 229 337 217 345 246 plane
P0221__1__0___824 0.719 752 1010 741 974 767 965 778 1001 plane
P0221__1__0___824 0.720 536 804 526 775 567 761 577 790 plane
P0221__1__0___824 0.720 873 272 846 244 866 223 893 251 plane
P0221__1__0___824 0.721 497 771 490 744 524 736 531 763 plane
P0221__1__0___824 0.723 483 203 478 173 520 166 525 196 plane
P0221__1__0___824 0.725 909 304 886 281 902 265 925 288 plane
P0221__1__0___824 0.726 505 990 491 947 522 937 536 980 plane
P0221__1__0___824 0.732 884 75 857 44 877 26 904 57 plane
P0221__1__0___824 0.733 293 698 283 665 324 653 334 686 plane
P0221__1__0___824 0.734 841 237 812 207 832 188 861 218 plane
P0221__1__0___824 0.736 737 968 729 927 756 921 764 962 plane
P0221__1__0___824 0.736 420 976 394 943 415 927 441 960 plane
P0221__1__0___824 0.740 395 235 384 208 424 190 435 217 plane
P0221__1__0___824 0.741 679 619 670 589 712 576 721 606 plane
P0221__1__0___824 0.746 484 817 476 796 501 786 509 807 plane
P0221__1__0___824 0.747 629 70 602 38 622 21 649 53 plane
P0221__1__0___824 0.752 867 675 859 651 894 640 902 664 plane
P0221__1__0___824 0.764 944 188 919 158 939 141 964 171 plane
P0221__1__0___824 0.765 993 51 962 8 994 -13 1025 29 plane
P0221__1__0___824 0.766 940 349 913 321 937 298 964 326 plane
P0221__1__0___824 0.778 438 214 430 185 469 175 477 204 plane
P0221__1__0___824 0.781 903 680 894 653 932 641 941 668 plane
P0221__1__0___824 0.786 811 816 804 786 844 777 851 807 plane
P0221__1__0___824 0.787 868 801 859 773 899 760 908 788 plane
P0221__1__0___824 0.789 724 606 715 577 755 565 764 594 plane
P0221__1__380___0 0.317 790 823 770 803 777 796 797 816 small-vehicle
P0221__1__380___0 0.323 783 1031 757 1003 788 974 814 1002 plane
P0221__1__380___0 0.324 20 449 12 440 37 418 45 427 large-vehicle
P0221__1__380___0 0.324 97 410 79 391 86 385 104 404 small-vehicle
P0221__1__380___0 0.332 458 1045 430 1015 455 992 483 1022 plane
P0221__1__380___0 0.352 459 1022 433 992 454 975 480 1005 plane
P0221__1__380___0 0.352 636 690 630 684 643 673 649 679 small-vehicle
P0221__1__380___0 0.366 5 115 -4 108 10 84 20 91 large-vehicle
P0221__1__380___0 0.560 641 1042 617 1015 634 999 658 1026 plane
P0221__1__380___0 0.585 310 824 274 793 283 783 319 814 large-vehicle
P0221__1__380___0 0.622 791 1044 764 1016 782 999 809 1027 plane
P0221__1__380___0 0.629 77 446 49 418 68 399 96 427 plane
P0221__1__380___0 0.670 537 936 510 904 530 887 557 919 plane
P0221__1__380___0 0.675 56 1036 49 1010 89 999 96 1025 plane
P0221__1__380___0 0.679 153 1028 146 1001 186 991 193 1018 plane
P0221__1__380___0 0.684 260 304 221 259 245 239 284 284 plane
P0221__1__380___0 0.686 572 974 544 942 565 923 593 955 plane
P0221__1__380___0 0.692 600 1044 573 1017 591 999 618 1026 plane
P0221__1__380___0 0.693 500 564 464 518 489 499 525 545 plane
P0221__1__380___0 0.700 103 1027 98 997 140 990 145 1020 plane
P0221__1__380___0 0.704 886 977 856 945 877 926 907 958 plane
P0221__1__380___0 0.704 648 894 630 871 647 857 665 880 plane
P0221__1__380___0 0.706 472 863 443 835 461 816 490 844 plane
P0221__1__380___0 0.707 424 693 399 676 411 658 436 675 plane
P0221__1__380___0 0.708 505 900 478 869 498 851 525 882 plane
P0221__1__380___0 0.709 394 982 366 953 385 935 413 964 plane
P0221__1__380___0 0.709 249 894 222 862 242 845 269 877 plane
P0221__1__380___0 0.711 925 1018 893 985 914 965 946 998 plane
P0221__1__380___0 0.713 741 816 711 783 732 763 762 796 plane
P0221__1__380___0 0.714 812 897 786 867 805 850 831 880 plane
P0221__1__380___0 0.720 726 974 697 944 717 925 746 955 plane
P0221__1__380___0 0.720 849 936 819 908 838 889 868 917 plane
P0221__1__380___0 0.724 755 1008 733 982 752 965 774 991 plane
P0221__1__380___0 0.724 702 774 675 743 697 723 724 754 plane
P0221__1__380___0 0.724 136 516 107 482 129 463 158 497 plane
P0221__1__380___0 0.728 565 1011 540 983 558 966 583 994 plane
P0221__1__380___0 0.728 664 739 637 704 659 686 686 721 plane
P0221__1__380___0 0.728 316 713 290 686 309 668 335 695 plane
P0221__1__380___0 0.729 74 178 51 156 81 125 104 147 plane
P0221__1__380___0 0.731 355 397 322 361 342 342 375 378 plane
P0221__1__380___0 0.731 192 583 165 547 191 528 218 564 plane
P0221__1__380___0 0.733 310 360 269 312 293 291 334 339 plane
P0221__1__380___0 0.735 268 729 243 700 263 684 288 713 plane
P0221__1__380___0 0.741 546 794 515 760 543 735 574 769 plane
P0221__1__380___0 0.748 62 764 49 723 75 715 88 756 plane
P0221__1__380___0 0.748 585 824 559 793 580 775 606 806 plane
P0221__1__380___0 0.748 773 863 744 830 768 808 797 841 plane
P0221__1__380___0 0.752 616 876 581 833 613 807 648 850 plane
P0221__1__380___1172 0.261 759 400 755 391 776 383 780 392 small-vehicle
P0221__1__380___1172 0.269 328 184 324 174 345 167 349 177 small-vehicle
P0221__1__380___1172 0.280 654 784 643 754 717 727 728 757 plane
P0221__1__380___1172 0.302 274 88 272 78 305 71 307 81 large-vehicle
P0221__1__380___1172 0.314 147 925 145 916 170 910 172 919 small-vehicle
P0221__1__380___1172 0.333 430 12 427 3 459 -6 462 2 large-vehicle
P0221__1__380___1172 0.344 566 316 559 294 569 291 576 313 small-vehicle
P0221__1__380___1172 0.368 576 827 569 808 597 798 604 817 plane
P0221__1__380___1172 0.370 377 59 374 47 400 40 403 52 small-vehicle
P0221__1__380___1172 0.371 976 720 972 710 993 703 997 713 small-vehicle
P0221__1__380___1172 0.393 219 548 216 538 246 531 249 541 large-vehicle
P0221__1__380___1172 0.405 646 602 640 584 649 581 655 599 small-vehicle
P0221__1__380___1172 0.409 870 608 867 600 885 593 888 601 small-vehicle
P0221__1__380___1172 0.435 403 240 391 214 402 209 414 235 large-vehicle
P0221__1__380___1172 0.475 785 254 775 238 782 233 792 249 small-vehicle
P0221__1__380___1172 0.509 975 1011 972 1002 992 996 995 1005 small-vehicle
P0221__1__380___1172 0.530 836 442 834 432 859 429 861 439 small-vehicle
P0221__1__380___1172 0.545 140 299 135 280 143 278 148 297 small-vehicle
P0221__1__380___1172 0.562 973 708 969 698 990 691 994 701 small-vehicle
P0221__1__380___1172 0.573 796 485 795 476 817 474 818 483 small-vehicle
P0221__1__380___1172 0.594 784 525 783 517 803 514 804 522 small-vehicle
P0221__1__380___1172 0.601 710 386 708 377 729 371 731 380 small-vehicle
P0221__1__380___1172 0.620 984 749 981 738 1005 730 1008 741 small-vehicle
P0221__1__380___1172 0.621 838 425 836 416 853 412 855 421 small-vehicle
P0221__1__380___1172 0.651 797 476 795 467 814 463 816 472 small-vehicle
P0221__1__380___1172 0.654 785 592 782 584 802 577 805 585 small-vehicle
P0221__1__380___1172 0.659 99 817 85 777 112 768 126 808 plane
P0221__1__380___1172 0.661 223 433 215 410 242 400 250 423 plane
P0221__1__380___1172 0.663 818 634 814 625 835 617 839 626 small-vehicle
P0221__1__380___1172 0.666 322 864 319 854 341 847 344 857 small-vehicle
P0221__1__380___1172 0.670 442 615 431 572 461 564 472 607 plane
P0221__1__380___1172 0.673 397 750 384 711 410 703 423 742 plane
P0221__1__380___1172 0.678 152 731 139 689 165 680 178 722 plane
P0221__1__380___1172 0.679 125 642 112 599 142 589 155 632 plane
P0221__1__380___1172 0.683 488 453 478 425 519 412 529 440 plane
P0221__1__380___1172 0.685 431 469 423 438 464 428 472 459 plane
P0221__1__380___1172 0.688 417 47 414 37 468 22 471 32 large-vehicle
P0221__1__380___1172 0.689 692 553 680 515 703 508 715 546 plane
P0221__1__380___1172 0.691 523 332 514 306 552 293 561 319 plane
P0221__1__380___1172 0.691 650 779 639 752 679 736 690 763 plane
P0221__1__380___1172 0.693 709 591 695 555 718 546 732 582 plane
P0221__1__380___1172 0.700 70 729 58 691 85 682 97 720 plane
P0221__1__380___1172 0.702 597 40 566 10 588 -12 619 17 plane
P0221__1__380___1172 0.704 482 745 471 705 497 698 508 738 plane
P0221__1__380___1172 0.708 703 831 677 829 680 790 706 792 plane
P0221__1__380___1172 0.708 41 629 14 596 34 580 61 613 plane
P0221__1__380___1172 0.708 678 508 668 478 689 471 699 501 plane
P0221__1__380___1172 0.711 667 474 656 433 682 425 693 466 plane
P0221__1__380___1172 0.713 191 857 178 815 204 808 217 850 plane
P0221__1__380___1172 0.713 700 778 687 734 717 725 730 769 plane
P0221__1__380___1172 0.715 372 662 361 625 387 617 398 654 plane
P0221__1__380___1172 0.715 561 634 549 592 576 585 588 627 plane
P0221__1__380___1172 0.717 730 820 720 783 745 777 755 814 plane
P0221__1__380___1172 0.719 83 774 71 731 98 723 110 766 plane
P0221__1__380___1172 0.720 104 469 96 448 121 438 129 459 plane
P0221__1__380___1172 0.721 177 406 168 381 206 369 215 394 plane
P0221__1__380___1172 0.723 157 454 148 426 188 413 197 441 plane
P0221__1__380___1172 0.725 411 33 408 22 454 8 457 19 large-vehicle
P0221__1__380___1172 0.727 668 115 638 84 659 64 689 95 plane
P0221__1__380___1172 0.727 468 701 460 659 487 654 495 696 plane
P0221__1__380___1172 0.728 382 706 373 667 403 661 412 700 plane
P0221__1__380___1172 0.730 299 382 290 353 332 341 341 370 plane
P0221__1__380___1172 0.731 456 661 442 620 473 610 487 651 plane
P0221__1__380___1172 0.734 280 413 273 385 307 376 314 404 plane
P0221__1__380___1172 0.736 408 795 395 755 429 744 442 784 plane
P0221__1__380___1172 0.736 740 29 712 -3 733 -21 761 11 plane
P0221__1__380___1172 0.737 141 685 128 642 154 634 167 677 plane
P0221__1__380___1172 0.738 357 621 348 579 376 572 385 614 plane
P0221__1__380___1172 0.739 780 30 751 1 771 -18 800 10 plane
P0221__1__380___1172 0.741 122 905 110 864 137 856 149 897 plane
P0221__1__380___1172 0.741 33 714 26 673 54 669 61 710 plane
P0221__1__380___1172 0.743 330 535 315 492 343 482 358 525 plane
P0221__1__380___1172 0.747 115 423 109 395 144 388 150 416 plane
P0221__1__380___1172 0.761 487 328 478 303 512 291 521 316 plane
P0221__1__380___1172 0.766 299 271 289 241 330 228 340 258 plane
P0221__1__380___1172 0.785 343 259 334 229 376 216 385 246 plane
