P0222__1__0___0 0.313 1013 577 1010 568 1028 560 1031 569 small-vehicle
P0222__1__0___0 0.332 1011 601 1009 591 1032 586 1034 596 small-vehicle
P0222__1__0___0 0.397 879 506 874 497 892 487 897 496 small-vehicle
P0222__1__0___0 0.481 977 536 960 527 964 519 981 528 small-vehicle
P0222__1__0___0 0.520 979 576 963 567 968 559 984 568 small-vehicle
P0222__1__0___0 0.556 771 456 750 452 752 441 773 445 small-vehicle
P0222__1__0___0 0.562 424 1062 355 995 387 963 456 1030 tennis-court
P0222__1__0___0 0.579 946 532 932 522 937 515 951 525 small-vehicle
P0222__1__0___0 0.581 947 509 929 499 934 490 952 500 small-vehicle
P0222__1__0___0 0.593 741 861 713 835 770 774 798 800 swimming-pool
P0222__1__0___0 0.612 468 1017 401 949 433 918 500 986 tennis-court
P0222__1__0___0 0.626 791 437 770 432 772 422 793 427 small-vehicle
P0222__1__0___0 0.631 762 466 743 462 745 451 764 455 small-vehicle
P0222__1__0___0 0.647 628 883 583 882 583 788 628 789 tennis-court
P0222__1__0___0 0.652 849 465 843 457 858 444 864 452 small-vehicle
P0222__1__0___0 0.652 566 883 521 883 521 788 566 788 tennis-court
P0222__1__0___0 0.653 944 567 928 554 935 546 951 559 small-vehicle
P0222__1__0___0 0.654 982 566 964 554 969 545 987 557 small-vehicle
P0222__1__0___0 0.660 691 882 646 882 646 787 691 787 tennis-court
P0222__1__0___0 0.667 842 738 796 737 797 641 843 642 tennis-court
P0222__1__0___0 0.676 779 737 734 737 734 642 779 642 tennis-court
P0222__1__0___0 0.677 718 737 673 737 673 642 718 642 tennis-court
P0222__1__0___416 0.318 1014 161 1011 152 1029 144 1032 153 small-vehicle
P0222__1__0___416 0.330 1011 185 1009 175 1032 170 1034 180 small-vehicle
P0222__1__0___416 0.399 880 90 875 81 891 71 896 80 small-vehicle
P0222__1__0___416 0.487 977 121 960 112 964 104 981 113 small-vehicle
P0222__1__0___416 0.496 723 958 667 934 678 907 734 931 swimming-pool
P0222__1__0___416 0.518 979 161 963 152 968 144 984 153 small-vehicle
P0222__1__0___416 0.576 771 40 750 36 752 25 773 29 small-vehicle
P0222__1__0___416 0.584 272 800 205 732 237 701 304 769 tennis-court
P0222__1__0___416 0.585 225 845 159 779 190 748 256 814 tennis-court
P0222__1__0___416 0.586 946 116 932 106 937 99 951 109 small-vehicle
P0222__1__0___416 0.594 741 446 713 420 770 359 798 385 swimming-pool
P0222__1__0___416 0.594 947 93 929 83 934 74 952 84 small-vehicle
P0222__1__0___416 0.597 318 753 251 686 283 654 350 721 tennis-court
P0222__1__0___416 0.614 468 602 400 534 433 501 501 569 tennis-court
P0222__1__0___416 0.615 378 693 310 627 341 594 409 660 tennis-court
P0222__1__0___416 0.634 424 646 356 580 387 547 455 613 tennis-court
P0222__1__0___416 0.638 179 893 112 826 144 794 211 861 tennis-court
P0222__1__0___416 0.638 849 49 843 41 858 28 864 36 small-vehicle
P0222__1__0___416 0.644 762 48 743 45 745 35 764 38 small-vehicle
P0222__1__0___416 0.647 629 467 584 466 584 372 629 373 tennis-court
P0222__1__0___416 0.652 944 151 928 138 935 130 951 143 small-vehicle
P0222__1__0___416 0.652 565 467 520 466 520 372 565 373 tennis-court
P0222__1__0___416 0.654 791 21 770 16 772 6 793 11 small-vehicle
P0222__1__0___416 0.656 982 150 964 138 969 129 987 141 small-vehicle
P0222__1__0___416 0.660 692 466 647 466 647 371 692 371 tennis-court
P0222__1__0___416 0.668 842 321 797 321 797 226 842 226 tennis-court
P0222__1__0___416 0.676 780 322 735 322 735 227 780 227 tennis-court
P0222__1__0___416 0.677 718 321 673 321 673 226 718 226 tennis-court
P0222__1__0___416 0.714 564 934 558 840 603 837 609 931 tennis-court
P0222__1__515___0 0.349 17 880 -25 879 -25 789 17 790 tennis-court
P0222__1__515___0 0.363 506 602 501 594 517 585 522 593 small-vehicle
P0222__1__515___0 0.419 365 506 360 497 378 487 383 496 small-vehicle
P0222__1__515___0 0.486 463 538 445 528 450 519 468 529 small-vehicle
P0222__1__515___0 0.525 505 575 501 567 518 558 522 566 small-vehicle
P0222__1__515___0 0.536 256 456 235 452 237 441 258 445 small-vehicle
P0222__1__515___0 0.555 465 577 449 568 454 560 470 569 small-vehicle
P0222__1__515___0 0.561 570 744 567 697 655 693 658 740 basketball-court
P0222__1__515___0 0.574 432 532 416 522 421 515 437 525 small-vehicle
P0222__1__515___0 0.584 226 862 197 835 255 773 284 800 swimming-pool
P0222__1__515___0 0.597 246 466 227 462 229 451 248 455 small-vehicle
P0222__1__515___0 0.606 432 509 414 498 419 490 437 501 small-vehicle
P0222__1__515___0 0.623 276 436 255 432 257 423 278 427 small-vehicle
P0222__1__515___0 0.632 326 738 280 737 281 641 327 642 tennis-court
P0222__1__515___0 0.646 466 565 447 554 453 546 472 557 small-vehicle
P0222__1__515___0 0.649 50 883 5 882 7 788 52 789 tennis-court
P0222__1__515___0 0.657 220 737 218 642 263 642 265 737 tennis-court
P0222__1__515___0 0.658 114 883 69 882 69 788 114 789 tennis-court
P0222__1__515___0 0.661 335 464 329 456 344 443 350 451 small-vehicle
P0222__1__515___0 0.671 177 882 132 882 132 787 177 787 tennis-court
P0222__1__515___0 0.674 202 737 157 737 157 642 202 642 tennis-court
P0222__1__515___0 0.676 597 605 593 510 638 508 642 603 tennis-court
P0222__1__515___0 0.677 429 567 413 554 420 546 436 559 small-vehicle
P0222__1__515___0 0.677 585 317 580 222 626 220 631 315 tennis-court
P0222__1__515___0 0.678 711 456 707 361 752 359 756 454 tennis-court
P0222__1__515___0 0.678 719 601 715 506 760 504 764 599 tennis-court
P0222__1__515___0 0.682 653 458 649 363 694 361 698 456 tennis-court
P0222__1__515___0 0.685 658 604 654 509 699 507 703 602 tennis-court
P0222__1__515___0 0.688 646 315 641 219 687 216 692 312 tennis-court
P0222__1__515___0 0.694 591 462 586 366 632 363 637 459 tennis-court
P0222__1__515___0 0.697 706 313 701 217 747 214 752 310 tennis-court
P0222__1__515___416 0.282 650 748 612 706 633 687 671 729 swimming-pool
P0222__1__515___416 0.349 17 464 -25 463 -25 373 17 374 tennis-court
P0222__1__515___416 0.364 506 185 502 177 517 168 521 176 small-vehicle
P0222__1__515___416 0.405 364 90 359 81 377 71 382 80 small-vehicle
P0222__1__515___416 0.489 463 122 445 112 450 103 468 113 small-vehicle
P0222__1__515___416 0.501 207 957 151 933 162 906 218 930 swimming-pool
P0222__1__515___416 0.530 505 160 501 152 518 143 522 151 small-vehicle
P0222__1__515___416 0.537 256 40 235 36 237 25 258 29 small-vehicle
P0222__1__515___416 0.556 465 161 449 152 454 144 470 153 small-vehicle
P0222__1__515___416 0.561 570 328 567 281 655 277 658 324 basketball-court
P0222__1__515___416 0.578 432 116 416 106 421 99 437 109 small-vehicle
P0222__1__515___416 0.585 226 447 197 420 255 358 284 385 swimming-pool
P0222__1__515___416 0.611 246 48 227 45 229 35 248 38 small-vehicle
P0222__1__515___416 0.622 432 92 415 83 419 75 436 84 small-vehicle
P0222__1__515___416 0.632 327 322 281 321 282 225 328 226 tennis-court
P0222__1__515___416 0.635 335 48 329 40 344 27 350 35 small-vehicle
P0222__1__515___416 0.644 466 149 447 138 453 130 472 141 small-vehicle
P0222__1__515___416 0.647 276 21 255 16 257 6 278 11 small-vehicle
P0222__1__515___416 0.650 50 467 5 466 7 372 52 373 tennis-court
P0222__1__515___416 0.657 220 322 218 227 263 227 265 322 tennis-court
P0222__1__515___416 0.658 114 466 69 465 69 371 114 372 tennis-court
P0222__1__515___416 0.667 712 40 709 -53 755 -54 758 39 tennis-court
P0222__1__515___416 0.673 177 466 132 466 132 371 177 371 tennis-court
P0222__1__515___416 0.673 650 44 645 -55 693 -58 698 41 tennis-court
P0222__1__515___416 0.674 202 322 157 322 157 227 202 227 tennis-court
P0222__1__515___416 0.676 429 151 413 138 420 130 436 143 small-vehicle
P0222__1__515___416 0.677 597 190 593 95 638 93 642 188 tennis-court
P0222__1__515___416 0.678 719 185 715 90 760 88 764 183 tennis-court
P0222__1__515___416 0.686 658 188 654 93 699 91 703 186 tennis-court
P0222__1__515___416 0.696 687 785 686 689 732 688 733 784 tennis-court
P0222__1__515___416 0.707 49 934 43 840 88 837 94 931 tennis-court
P0222__1__515___416 0.719 591 45 586 -52 632 -55 637 42 tennis-court
