P0229__1__0___0 0.530 1020 705 1000 672 1017 662 1037 695 small-vehicle
P0229__1__0___0 0.621 680 1103 585 944 661 898 756 1057 tennis-court
P0229__1__0___0 0.639 678 361 582 201 657 156 753 316 tennis-court
P0229__1__0___0 0.644 984 952 891 790 967 747 1060 909 tennis-court
P0229__1__0___0 0.656 499 466 409 303 486 261 576 424 tennis-court
P0229__1__0___0 0.664 594 408 502 253 569 213 661 368 tennis-court
P0229__1__0___0 0.665 1026 534 930 368 1005 325 1101 491 tennis-court
P0229__1__0___0 0.692 885 1012 789 852 864 807 960 967 tennis-court
P0229__1__0___0 0.711 864 648 766 490 841 443 939 601 tennis-court
P0229__1__0___0 0.718 563 873 467 713 542 668 638 828 tennis-court
P0229__1__0___0 0.733 768 707 669 548 743 502 842 661 tennis-court
P0229__1__0___0 0.737 785 1072 688 915 762 869 859 1026 tennis-court
P0229__1__0___0 0.737 368 987 274 829 349 784 443 942 tennis-court
P0229__1__0___0 0.737 960 591 865 432 941 386 1036 545 tennis-court
P0229__1__0___0 0.738 466 930 370 770 445 725 541 885 tennis-court
P0229__1__0___384 0.262 -1 921 -15 885 1 878 15 914 small-vehicle
P0229__1__0___384 0.397 42 1016 31 978 51 973 62 1011 small-vehicle
P0229__1__0___384 0.444 944 998 938 981 975 967 981 984 small-vehicle
P0229__1__0___384 0.469 107 1005 94 966 112 960 125 999 small-vehicle
P0229__1__0___384 0.530 1022 321 1001 288 1017 278 1038 311 small-vehicle
P0229__1__0___384 0.568 499 88 408 -76 488 -120 579 44 tennis-court
P0229__1__0___384 0.572 1026 148 932 -15 1005 -58 1099 105 tennis-court
P0229__1__0___384 0.634 11 920 -2 884 14 877 28 913 small-vehicle
P0229__1__0___384 0.644 984 569 891 407 967 364 1060 526 tennis-court
P0229__1__0___384 0.694 886 628 790 468 865 423 961 583 tennis-court
P0229__1__0___384 0.711 864 265 766 107 841 60 939 218 tennis-court
P0229__1__0___384 0.717 563 489 467 329 542 284 638 444 tennis-court
P0229__1__0___384 0.727 467 875 373 717 448 672 542 830 tennis-court
P0229__1__0___384 0.731 682 747 587 589 661 544 756 702 tennis-court
P0229__1__0___384 0.733 768 323 669 164 743 118 842 277 tennis-court
P0229__1__0___384 0.735 576 811 479 654 553 608 650 765 tennis-court
P0229__1__0___384 0.737 368 603 274 445 349 400 443 558 tennis-court
P0229__1__0___384 0.737 960 207 865 48 941 2 1036 161 tennis-court
P0229__1__0___384 0.740 467 546 371 386 446 341 542 501 tennis-court
P0229__1__0___384 0.746 785 687 687 530 762 484 860 641 tennis-court
P0229__1__245___0 0.416 1019 829 993 786 1014 774 1040 817 small-vehicle
P0229__1__245___0 0.493 1015 738 993 701 1010 691 1032 728 small-vehicle
P0229__1__245___0 0.516 973 709 952 675 970 664 991 698 small-vehicle
P0229__1__245___0 0.562 849 672 829 636 848 625 868 661 small-vehicle
P0229__1__245___0 0.598 426 1120 331 962 425 905 520 1063 tennis-court
P0229__1__245___0 0.609 935 894 915 861 932 851 952 884 small-vehicle
P0229__1__245___0 0.619 975 759 955 722 974 712 994 749 small-vehicle
P0229__1__245___0 0.652 843 784 821 746 840 735 862 773 small-vehicle
P0229__1__245___0 0.658 434 362 337 200 413 155 510 317 tennis-court
P0229__1__245___0 0.659 970 869 950 833 969 822 989 858 small-vehicle
P0229__1__245___0 0.667 619 648 521 490 596 443 694 601 tennis-court
P0229__1__245___0 0.681 349 409 256 253 324 212 417 368 tennis-court
P0229__1__245___0 0.687 879 758 859 723 876 713 896 748 small-vehicle
P0229__1__245___0 0.688 256 466 163 305 239 261 332 422 tennis-court
P0229__1__245___0 0.689 521 707 425 547 500 502 596 662 tennis-court
P0229__1__245___0 0.690 927 628 907 595 924 585 944 618 small-vehicle
P0229__1__245___0 0.695 814 531 719 372 793 328 888 487 tennis-court
P0229__1__245___0 0.695 869 659 850 625 866 616 885 650 small-vehicle
P0229__1__245___0 0.702 737 952 645 791 722 747 814 908 tennis-court
P0229__1__245___0 0.704 887 646 867 613 884 603 904 636 small-vehicle
P0229__1__245___0 0.707 996 749 975 712 993 702 1014 739 small-vehicle
P0229__1__245___0 0.708 318 872 222 712 297 667 393 827 tennis-court
P0229__1__245___0 0.711 941 777 919 740 936 730 958 767 small-vehicle
P0229__1__245___0 0.712 906 636 886 603 903 593 923 626 small-vehicle
P0229__1__245___0 0.716 796 697 776 663 791 654 811 688 small-vehicle
P0229__1__245___0 0.717 539 1072 444 913 518 869 613 1028 tennis-court
P0229__1__245___0 0.718 903 798 883 763 900 753 920 788 small-vehicle
P0229__1__245___0 0.726 640 1012 544 852 619 807 715 967 tennis-court
P0229__1__245___0 0.729 776 706 757 673 773 663 792 696 small-vehicle
P0229__1__245___0 0.729 221 930 125 770 200 725 296 885 tennis-court
P0229__1__245___0 0.730 884 813 862 777 881 766 903 802 small-vehicle
P0229__1__245___0 0.734 716 590 621 431 695 387 790 546 tennis-court
P0229__1__245___0 0.734 123 987 29 829 104 784 198 942 tennis-court
P0229__1__245___0 0.755 924 793 902 756 919 746 941 783 small-vehicle
P0229__1__245___0 0.762 897 747 877 712 894 702 914 737 small-vehicle
P0229__1__245___0 0.762 830 681 810 646 829 636 849 671 small-vehicle
P0229__1__245___0 0.779 934 728 916 696 933 687 951 719 small-vehicle
P0229__1__245___384 0.420 1019 445 993 402 1014 390 1040 433 small-vehicle
P0229__1__245___384 0.482 700 998 693 981 729 967 736 984 small-vehicle
P0229__1__245___384 0.493 1015 354 993 317 1010 307 1032 344 small-vehicle
P0229__1__245___384 0.516 973 325 952 291 970 280 991 314 small-vehicle
P0229__1__245___384 0.562 849 288 829 252 848 241 868 277 small-vehicle
P0229__1__245___384 0.571 252 89 160 -76 241 -121 333 44 tennis-court
P0229__1__245___384 0.619 976 375 956 338 973 328 993 365 small-vehicle
P0229__1__245___384 0.620 935 509 915 476 932 466 952 499 small-vehicle
P0229__1__245___384 0.652 843 401 821 363 840 352 862 390 small-vehicle
P0229__1__245___384 0.664 970 485 950 449 969 438 989 474 small-vehicle
P0229__1__245___384 0.666 620 263 521 106 595 60 694 217 tennis-court
P0229__1__245___384 0.687 814 148 718 -11 793 -56 889 103 tennis-court
P0229__1__245___384 0.687 879 374 859 339 876 329 896 364 small-vehicle
P0229__1__245___384 0.689 521 322 426 163 500 119 595 278 tennis-court
P0229__1__245___384 0.692 927 244 908 210 924 201 943 235 small-vehicle
P0229__1__245___384 0.694 869 275 849 242 866 232 886 265 small-vehicle
P0229__1__245___384 0.702 738 568 646 407 723 363 815 524 tennis-court
P0229__1__245___384 0.704 887 262 867 229 884 219 904 252 small-vehicle
P0229__1__245___384 0.707 996 365 975 328 993 318 1014 355 small-vehicle
P0229__1__245___384 0.708 318 488 222 328 297 283 393 443 tennis-court
P0229__1__245___384 0.710 941 393 919 356 936 346 958 383 small-vehicle
P0229__1__245___384 0.711 906 252 886 219 903 209 923 242 small-vehicle
P0229__1__245___384 0.716 796 313 776 279 791 270 811 304 small-vehicle
P0229__1__245___384 0.718 902 414 882 379 899 369 919 404 small-vehicle
P0229__1__245___384 0.726 640 628 544 468 619 423 715 583 tennis-court
P0229__1__245___384 0.727 330 812 234 652 309 607 405 767 tennis-court
P0229__1__245___384 0.727 540 687 445 528 519 484 614 643 tennis-court
P0229__1__245___384 0.728 222 874 128 717 203 673 297 830 tennis-court
P0229__1__245___384 0.729 776 322 757 289 773 279 792 312 small-vehicle
P0229__1__245___384 0.729 221 546 125 386 200 341 296 501 tennis-court
P0229__1__245___384 0.730 122 603 30 443 105 400 197 560 tennis-court
P0229__1__245___384 0.731 884 429 862 393 881 382 903 418 small-vehicle
P0229__1__245___384 0.733 438 748 341 591 415 545 512 702 tennis-court
P0229__1__245___384 0.735 715 206 621 48 696 3 790 161 tennis-court
P0229__1__245___384 0.755 924 409 902 372 919 362 941 399 small-vehicle
P0229__1__245___384 0.762 830 297 810 262 829 252 849 287 small-vehicle
P0229__1__245___384 0.762 897 363 877 328 894 318 914 353 small-vehicle
P0229__1__245___384 0.779 934 344 916 312 933 303 951 335 small-vehicle
