P0224__1__0___0 0.597 696 577 686 385 777 380 787 572 tennis-court
P0224__1__0___0 0.662 964 571 954 377 1045 372 1055 566 tennis-court
P0224__1__0___0 0.703 980 948 970 760 1059 755 1069 943 tennis-court
P0224__1__0___0 0.713 738 958 728 766 819 761 829 953 tennis-court
P0224__1__0___0 0.714 589 962 580 771 670 767 679 958 tennis-court
P0224__1__0___0 0.725 838 572 832 380 923 377 929 569 tennis-court
P0224__1__0___0 0.736 442 966 432 775 523 771 533 962 tennis-court
P0224__1__0___441 0.294 140 969 138 947 193 944 195 966 large-vehicle
P0224__1__0___441 0.305 148 1014 146 991 195 987 197 1010 small-vehicle
P0224__1__0___441 0.339 137 945 136 925 184 922 185 942 small-vehicle
P0224__1__0___441 0.398 138 922 137 904 179 903 180 921 small-vehicle
P0224__1__0___441 0.460 175 876 133 876 134 859 176 859 small-vehicle
P0224__1__0___441 0.471 177 900 133 900 134 881 178 881 small-vehicle
P0224__1__0___441 0.510 225 651 197 623 210 610 238 638 small-vehicle
P0224__1__0___441 0.563 181 855 132 855 132 836 181 836 small-vehicle
P0224__1__0___441 0.583 187 703 150 684 158 668 195 687 small-vehicle
P0224__1__0___441 0.588 170 788 129 785 131 767 172 770 small-vehicle
P0224__1__0___441 0.633 178 832 135 831 135 813 178 814 small-vehicle
P0224__1__0___441 0.640 969 130 959 -68 1050 -72 1060 126 tennis-court
P0224__1__0___441 0.665 293 851 257 850 258 832 294 833 small-vehicle
P0224__1__0___441 0.671 694 135 685 -54 777 -59 786 130 tennis-court
P0224__1__0___441 0.682 202 687 170 659 183 644 215 672 small-vehicle
P0224__1__0___441 0.685 321 912 312 722 402 717 411 907 tennis-court
P0224__1__0___441 0.686 251 765 250 746 290 744 291 763 small-vehicle
P0224__1__0___441 0.696 257 875 256 856 294 854 295 873 small-vehicle
P0224__1__0___441 0.699 184 723 146 712 151 696 189 707 small-vehicle
P0224__1__0___441 0.699 947 892 938 699 1028 695 1037 888 tennis-court
P0224__1__0___441 0.703 840 132 830 -59 921 -64 931 127 tennis-court
P0224__1__0___441 0.715 256 741 254 723 291 720 293 738 small-vehicle
P0224__1__0___441 0.715 737 517 727 325 818 320 828 512 tennis-court
P0224__1__0___441 0.720 979 508 970 316 1060 311 1069 503 tennis-court
P0224__1__0___441 0.720 687 901 678 708 770 704 779 897 tennis-court
P0224__1__0___441 0.723 258 984 256 966 295 963 297 981 small-vehicle
P0224__1__0___441 0.724 442 526 432 334 523 329 533 521 tennis-court
P0224__1__0___441 0.728 444 910 434 718 525 713 535 905 tennis-court
P0224__1__0___441 0.734 564 906 555 714 647 709 656 901 tennis-court
P0224__1__0___441 0.739 589 522 579 330 670 325 680 517 tennis-court
P0224__1__0___441 0.760 173 744 137 737 140 719 176 726 small-vehicle
P0224__1__0___441 0.766 173 767 133 762 136 744 176 749 small-vehicle
P0224__1__780___0 0.609 -56 578 -65 385 24 381 33 574 tennis-court
P0224__1__780___0 0.693 227 950 217 758 308 753 318 945 tennis-court
P0224__1__780___0 0.693 -43 959 -52 766 37 762 46 955 tennis-court
P0224__1__780___0 0.703 511 560 501 368 592 363 602 555 tennis-court
P0224__1__780___0 0.706 375 946 365 753 456 749 466 942 tennis-court
P0224__1__780___0 0.721 521 939 514 749 604 746 611 936 tennis-court
P0224__1__780___0 0.722 363 565 353 373 444 368 454 560 tennis-court
P0224__1__780___0 0.729 58 572 52 380 143 377 149 569 tennis-court
P0224__1__780___0 0.737 666 937 660 745 751 742 757 934 tennis-court
P0224__1__780___0 0.737 216 569 206 377 297 372 307 564 tennis-court
P0224__1__780___441 0.514 -55 136 -65 -52 23 -56 33 132 tennis-court
P0224__1__780___441 0.629 217 127 207 -63 298 -67 308 123 tennis-court
P0224__1__780___441 0.672 59 131 50 -60 142 -65 151 126 tennis-court
P0224__1__780___441 0.686 511 118 501 -71 592 -76 602 113 tennis-court
P0224__1__780___441 0.698 -42 518 -51 326 38 321 47 513 tennis-court
P0224__1__780___441 0.699 363 123 353 -67 444 -71 454 119 tennis-court
P0224__1__780___441 0.704 227 508 217 317 308 313 318 504 tennis-court
P0224__1__780___441 0.707 667 495 661 303 752 300 758 492 tennis-court
P0224__1__780___441 0.708 608 878 599 685 691 681 700 874 tennis-court
P0224__1__780___441 0.708 462 884 453 692 545 687 554 879 tennis-court
P0224__1__780___441 0.711 521 498 514 308 604 305 611 495 tennis-court
P0224__1__780___441 0.718 168 893 158 701 249 696 259 888 tennis-court
P0224__1__780___441 0.730 316 888 306 696 397 691 407 883 tennis-court
P0224__1__780___441 0.735 374 504 364 312 455 307 465 499 tennis-court
