P0227__1__0___0 0.279 940 86 927 69 937 61 950 78 swimming-pool
P0227__1__0___0 0.444 304 499 295 485 303 480 312 494 small-vehicle
P0227__1__0___0 0.563 439 475 426 458 436 450 449 467 small-vehicle
P0227__1__0___0 0.618 488 439 477 422 485 416 496 433 small-vehicle
P0227__1__0___0 0.619 727 710 670 628 708 601 765 683 tennis-court
P0227__1__0___0 0.666 789 666 732 584 770 557 827 639 tennis-court
P0227__1__0___0 0.677 235 875 177 792 216 764 274 847 tennis-court
P0227__1__0___0 0.681 388 504 375 486 385 479 398 497 small-vehicle
P0227__1__0___0 0.684 665 755 608 673 646 646 703 728 tennis-court
P0227__1__0___0 0.695 575 630 518 548 558 521 615 603 tennis-court
P0227__1__0___0 0.697 297 829 240 747 278 720 335 802 tennis-court
P0227__1__0___0 0.699 639 587 581 504 620 476 678 559 tennis-court
P0227__1__0___0 0.701 700 541 643 459 683 432 740 514 tennis-court
P0227__1__0___0 0.703 323 999 265 916 304 888 362 971 tennis-court
P0227__1__0___0 0.706 386 954 328 872 367 845 425 927 tennis-court
P0227__1__0___0 0.725 359 784 302 702 340 675 397 757 tennis-court
P0227__1__0___0 0.744 448 910 391 827 431 799 488 882 tennis-court
P0227__1__0___171 0.406 38 981 30 960 77 942 85 963 swimming-pool
P0227__1__0___171 0.463 305 328 295 315 302 309 312 322 small-vehicle
P0227__1__0___171 0.464 160 960 141 908 167 899 186 951 swimming-pool
P0227__1__0___171 0.565 440 303 427 285 437 278 450 296 small-vehicle
P0227__1__0___171 0.568 489 266 476 251 484 245 497 260 small-vehicle
P0227__1__0___171 0.616 360 614 303 532 341 505 398 587 tennis-court
P0227__1__0___171 0.636 665 584 606 503 644 475 703 556 tennis-court
P0227__1__0___171 0.661 387 332 375 314 386 307 398 325 small-vehicle
P0227__1__0___171 0.674 700 370 643 288 683 261 740 343 tennis-court
P0227__1__0___171 0.682 577 459 517 378 556 350 616 431 tennis-court
P0227__1__0___171 0.683 789 495 732 413 770 386 827 468 tennis-court
P0227__1__0___171 0.686 385 782 328 700 368 673 425 755 tennis-court
P0227__1__0___171 0.691 727 539 670 457 708 430 765 512 tennis-court
P0227__1__0___171 0.693 323 828 265 745 304 717 362 800 tennis-court
P0227__1__0___171 0.698 638 415 581 333 621 306 678 388 tennis-court
P0227__1__0___171 0.699 235 702 178 620 216 593 273 675 tennis-court
P0227__1__0___171 0.699 297 658 240 576 280 549 337 631 tennis-court
P0227__1__0___171 0.731 448 739 391 656 431 628 488 711 tennis-court
P0227__1__1102___0 0.281 965 595 961 573 972 572 976 594 small-vehicle
P0227__1__1102___0 0.354 19 846 10 823 62 803 71 826 swimming-pool
P0227__1__1102___0 0.359 819 436 815 426 840 417 844 427 small-vehicle
P0227__1__1102___0 0.377 807 619 785 554 826 540 848 605 swimming-pool
P0227__1__1102___0 0.494 829 472 826 461 850 453 853 464 small-vehicle
P0227__1__1102___0 0.521 971 500 968 492 988 485 991 493 small-vehicle
P0227__1__1102___0 0.563 633 822 600 725 646 709 679 806 tennis-court
P0227__1__1102___0 0.567 269 743 230 651 274 632 313 724 tennis-court
P0227__1__1102___0 0.571 313 519 281 425 326 410 358 504 tennis-court
P0227__1__1102___0 0.597 858 538 854 527 877 519 881 530 small-vehicle
P0227__1__1102___0 0.600 998 563 986 562 989 538 1001 539 small-vehicle
P0227__1__1102___0 0.605 712 502 678 407 723 391 757 486 tennis-court
P0227__1__1102___0 0.635 301 343 270 248 314 234 345 329 tennis-court
P0227__1__1102___0 0.636 422 676 382 584 425 565 465 657 tennis-court
P0227__1__1102___0 0.638 215 372 183 275 228 261 260 358 tennis-court
P0227__1__1102___0 0.641 499 867 466 771 512 756 545 852 tennis-court
P0227__1__1102___0 0.642 229 548 197 454 242 439 274 533 tennis-court
P0227__1__1102___0 0.644 340 712 299 620 343 601 384 693 tennis-court
P0227__1__1102___0 0.646 642 529 608 434 653 418 687 513 tennis-court
P0227__1__1102___0 0.648 929 468 926 459 946 451 949 460 small-vehicle
P0227__1__1102___0 0.651 568 842 536 748 581 733 613 827 tennis-court
P0227__1__1102___0 0.654 146 395 115 300 159 286 190 381 tennis-court
P0227__1__1102___0 0.656 488 647 447 556 491 536 532 627 tennis-court
P0227__1__1102___0 0.656 78 420 47 325 91 311 122 406 tennis-court
P0227__1__1102___0 0.659 697 798 666 702 712 687 743 783 tennis-court
P0227__1__1102___0 0.663 553 618 515 527 558 509 596 600 tennis-court
P0227__1__1102___0 0.663 162 573 129 477 175 462 208 558 tennis-court
P0227__1__1102___0 0.665 384 495 351 399 397 384 430 480 tennis-court
P0227__1__1102___0 0.667 924 446 921 438 939 431 942 439 small-vehicle
P0227__1__1102___0 0.668 366 913 334 818 379 802 411 897 tennis-court
P0227__1__1102___0 0.672 372 319 341 224 385 210 416 305 tennis-court
P0227__1__1102___0 0.677 432 889 400 795 445 780 477 874 tennis-court
P0227__1__1102___171 0.251 963 425 961 402 972 400 974 423 small-vehicle
P0227__1__1102___171 0.261 891 544 886 528 894 525 899 541 small-vehicle
P0227__1__1102___171 0.357 806 448 786 384 827 371 847 435 swimming-pool
P0227__1__1102___171 0.403 20 674 10 651 61 631 71 654 swimming-pool
P0227__1__1102___171 0.427 819 266 815 255 840 245 844 256 small-vehicle
P0227__1__1102___171 0.448 829 301 826 290 850 282 853 293 small-vehicle
P0227__1__1102___171 0.449 702 1023 694 1004 733 988 741 1007 swimming-pool
P0227__1__1102___171 0.492 858 367 854 356 877 348 881 359 small-vehicle
P0227__1__1102___171 0.496 971 329 968 321 988 314 991 322 small-vehicle
P0227__1__1102___171 0.553 924 274 921 267 939 261 942 268 small-vehicle
P0227__1__1102___171 0.609 929 297 925 288 946 280 950 289 small-vehicle
P0227__1__1102___171 0.612 998 392 986 391 989 367 1001 368 small-vehicle
P0227__1__1102___171 0.629 633 649 602 553 646 538 677 634 tennis-court
P0227__1__1102___171 0.632 699 627 666 531 712 516 745 612 tennis-court
P0227__1__1102___171 0.637 422 505 382 413 425 394 465 486 tennis-court
P0227__1__1102___171 0.643 312 348 280 254 325 239 357 333 tennis-court
P0227__1__1102___171 0.646 372 147 341 52 385 38 416 133 tennis-court
P0227__1__1102___171 0.646 498 695 466 601 511 586 543 680 tennis-court
P0227__1__1102___171 0.647 567 672 535 578 580 563 612 657 tennis-court
P0227__1__1102___171 0.650 146 224 115 129 159 115 190 210 tennis-court
P0227__1__1102___171 0.650 642 357 609 264 653 248 686 341 tennis-court
P0227__1__1102___171 0.651 269 572 230 480 274 461 313 553 tennis-court
P0227__1__1102___171 0.652 77 247 47 154 92 140 122 233 tennis-court
P0227__1__1102___171 0.652 488 476 447 385 491 365 532 456 tennis-court
P0227__1__1102___171 0.652 340 541 300 449 343 430 383 522 tennis-court
P0227__1__1102___171 0.653 713 332 678 237 722 221 757 316 tennis-court
P0227__1__1102___171 0.653 385 323 353 229 398 214 430 308 tennis-court
P0227__1__1102___171 0.655 162 400 130 306 175 291 207 385 tennis-court
P0227__1__1102___171 0.658 229 377 197 283 242 268 274 362 tennis-court
P0227__1__1102___171 0.661 216 201 183 105 227 90 260 186 tennis-court
P0227__1__1102___171 0.666 432 718 399 622 445 607 478 703 tennis-court
P0227__1__1102___171 0.669 301 172 270 77 314 63 345 158 tennis-court
P0227__1__1102___171 0.673 366 742 333 646 379 631 412 727 tennis-court
P0227__1__1102___171 0.677 554 446 514 356 557 337 597 427 tennis-court
P0227__1__824___0 0.329 117 86 104 69 114 61 127 78 swimming-pool
P0227__1__824___0 0.422 296 846 287 822 339 803 348 827 swimming-pool
P0227__1__824___0 0.572 766 647 726 555 769 536 809 628 tennis-court
P0227__1__824___0 0.611 507 549 475 455 520 440 552 534 tennis-court
P0227__1__824___0 0.622 776 866 744 772 789 757 821 851 tennis-court
P0227__1__824___0 0.628 592 520 559 424 603 409 636 505 tennis-court
P0227__1__824___0 0.633 617 712 578 620 622 601 661 693 tennis-court
P0227__1__824___0 0.633 699 675 661 584 704 566 742 657 tennis-court
P0227__1__824___0 0.641 424 395 393 300 437 286 468 381 tennis-court
P0227__1__824___0 0.643 493 373 460 276 506 260 539 357 tennis-court
P0227__1__824___0 0.644 547 743 508 651 552 632 591 724 tennis-court
P0227__1__824___0 0.646 912 821 879 725 923 710 956 806 tennis-court
P0227__1__824___0 0.647 579 342 548 247 592 233 623 328 tennis-court
P0227__1__824___0 0.648 644 912 613 817 657 803 688 898 tennis-court
P0227__1__824___0 0.655 978 798 945 702 989 687 1022 783 tennis-court
P0227__1__824___0 0.658 990 502 956 407 1001 391 1035 486 tennis-court
P0227__1__824___0 0.659 662 495 630 400 675 384 707 479 tennis-court
P0227__1__824___0 0.660 920 528 887 435 931 419 964 512 tennis-court
P0227__1__824___0 0.662 439 572 409 478 454 463 484 557 tennis-court
P0227__1__824___0 0.662 711 889 680 793 724 778 755 874 tennis-court
P0227__1__824___0 0.667 651 319 620 224 664 210 695 305 tennis-court
P0227__1__824___0 0.682 832 617 792 527 835 508 875 598 tennis-court
P0227__1__824___0 0.684 845 842 813 748 858 733 890 827 tennis-court
P0227__1__824___0 0.702 354 422 323 324 369 309 400 407 tennis-court
P0227__1__824___171 0.435 299 675 290 651 340 632 349 656 swimming-pool
P0227__1__824___171 0.458 981 1022 974 1003 1014 987 1021 1006 swimming-pool
P0227__1__824___171 0.566 776 695 744 601 789 586 821 680 tennis-court
P0227__1__824___171 0.602 920 358 886 263 931 247 965 342 tennis-court
P0227__1__824___171 0.617 651 149 618 53 664 38 697 134 tennis-court
P0227__1__824___171 0.634 663 323 632 228 676 214 707 309 tennis-court
P0227__1__824___171 0.635 701 504 660 414 702 395 743 485 tennis-court
P0227__1__824___171 0.641 424 224 393 129 437 115 468 210 tennis-court
P0227__1__824___171 0.643 578 172 548 78 593 63 623 157 tennis-court
P0227__1__824___171 0.644 507 378 474 282 520 267 553 363 tennis-court
P0227__1__824___171 0.646 977 627 944 531 990 516 1023 612 tennis-court
P0227__1__824___171 0.648 846 672 814 578 859 563 891 657 tennis-court
P0227__1__824___171 0.653 911 649 879 555 924 540 956 634 tennis-court
P0227__1__824___171 0.654 440 401 408 307 453 292 485 386 tennis-court
P0227__1__824___171 0.655 494 201 461 105 505 90 538 186 tennis-court
P0227__1__824___171 0.656 617 541 578 449 622 430 661 522 tennis-court
P0227__1__824___171 0.658 547 572 508 480 552 461 591 553 tennis-court
P0227__1__824___171 0.659 831 447 792 354 836 336 875 429 tennis-court
P0227__1__824___171 0.660 591 348 559 254 604 239 636 333 tennis-court
P0227__1__824___171 0.660 710 719 678 624 723 608 755 703 tennis-court
P0227__1__824___171 0.661 766 476 726 386 769 367 809 457 tennis-court
P0227__1__824___171 0.666 645 740 614 645 658 631 689 726 tennis-court
P0227__1__824___171 0.678 355 250 324 152 370 137 401 235 tennis-court
P0227__1__824___171 0.695 989 333 954 237 1000 220 1035 316 tennis-court
