P0225__1__0___0 0.258 150 638 149 628 177 627 178 637 small-vehicle
P0225__1__0___0 0.271 316 717 315 697 325 696 326 716 small-vehicle
P0225__1__0___0 0.360 150 748 149 737 173 737 174 748 small-vehicle
P0225__1__0___0 0.391 564 645 558 619 571 616 577 642 small-vehicle
P0225__1__0___0 0.414 371 64 324 49 330 31 377 46 swimming-pool
P0225__1__0___0 0.461 740 619 737 598 747 596 750 617 small-vehicle
P0225__1__0___0 0.557 195 877 192 850 252 844 255 871 tennis-court
P0225__1__0___0 0.593 538 417 530 320 577 316 585 413 tennis-court
P0225__1__0___0 0.623 162 589 160 579 181 576 183 586 small-vehicle
P0225__1__0___0 0.625 714 548 706 453 751 449 759 544 tennis-court
P0225__1__0___0 0.628 379 307 370 212 416 208 425 303 tennis-court
P0225__1__0___0 0.630 154 605 153 594 177 592 178 603 small-vehicle
P0225__1__0___0 0.631 711 226 703 131 748 127 756 222 tennis-court
P0225__1__0___0 0.637 937 633 917 631 920 590 940 592 swimming-pool
P0225__1__0___0 0.641 551 242 542 145 588 141 597 238 tennis-court
P0225__1__0___0 0.641 555 563 546 468 592 464 601 559 tennis-court
P0225__1__0___0 0.643 412 477 403 380 449 376 458 473 tennis-court
P0225__1__0___0 0.643 699 400 690 303 736 299 745 396 tennis-court
P0225__1__0___0 0.645 299 719 289 718 290 698 300 699 small-vehicle
P0225__1__0___0 0.645 174 801 173 780 183 780 184 801 small-vehicle
P0225__1__0___0 0.664 314 487 307 389 353 386 360 484 tennis-court
P0225__1__0___0 0.664 626 557 618 460 665 456 673 553 tennis-court
P0225__1__0___0 0.668 213 723 209 702 220 700 224 721 small-vehicle
P0225__1__0___0 0.670 305 315 296 218 342 214 351 311 tennis-court
P0225__1__0___0 0.675 625 235 616 138 662 134 671 231 tennis-court
P0225__1__0___0 0.675 783 220 774 123 820 119 829 216 tennis-court
P0225__1__0___0 0.677 612 410 604 313 651 309 659 406 tennis-court
P0225__1__0___0 0.692 240 494 231 397 277 393 286 490 tennis-court
P0225__1__0___0 0.706 252 720 251 699 261 699 262 720 small-vehicle
P0225__1__110___0 0.258 206 715 204 694 215 694 217 715 small-vehicle
P0225__1__110___0 0.292 40 652 39 642 63 639 64 649 small-vehicle
P0225__1__110___0 0.352 41 749 41 739 64 738 64 748 small-vehicle
P0225__1__110___0 0.370 1036 254 994 233 1005 211 1047 232 swimming-pool
P0225__1__110___0 0.422 454 645 448 619 461 616 467 642 small-vehicle
P0225__1__110___0 0.424 260 64 215 49 221 31 266 46 swimming-pool
P0225__1__110___0 0.547 995 787 981 774 986 768 1000 781 small-vehicle
P0225__1__110___0 0.553 44 604 43 593 67 591 68 602 small-vehicle
P0225__1__110___0 0.556 87 876 84 850 142 845 145 871 tennis-court
P0225__1__110___0 0.560 631 620 627 597 636 595 640 618 small-vehicle
P0225__1__110___0 0.568 269 308 260 211 306 207 315 304 tennis-court
P0225__1__110___0 0.581 430 417 421 320 467 316 476 413 tennis-court
P0225__1__110___0 0.597 590 399 581 304 627 300 636 395 tennis-court
P0225__1__110___0 0.612 445 564 435 468 480 463 490 559 tennis-court
P0225__1__110___0 0.620 826 634 807 632 811 589 830 591 swimming-pool
P0225__1__110___0 0.627 604 548 595 453 641 449 650 544 tennis-court
P0225__1__110___0 0.630 600 226 593 130 639 127 646 223 tennis-court
P0225__1__110___0 0.631 189 719 179 718 180 698 190 699 small-vehicle
P0225__1__110___0 0.633 441 242 432 145 478 141 487 238 tennis-court
P0225__1__110___0 0.639 52 589 51 579 71 576 72 586 small-vehicle
P0225__1__110___0 0.641 205 487 196 390 242 386 251 483 tennis-court
P0225__1__110___0 0.649 64 802 62 780 73 779 75 801 small-vehicle
P0225__1__110___0 0.653 302 477 293 380 339 376 348 473 tennis-court
P0225__1__110___0 0.660 517 557 508 460 554 456 563 553 tennis-court
P0225__1__110___0 0.665 195 315 186 218 232 214 241 311 tennis-court
P0225__1__110___0 0.672 503 410 494 313 540 309 549 406 tennis-court
P0225__1__110___0 0.675 131 494 122 397 168 393 177 490 tennis-court
P0225__1__110___0 0.681 673 219 664 124 710 120 719 215 tennis-court
P0225__1__110___0 0.688 514 235 505 138 551 134 560 231 tennis-court
P0225__1__110___0 0.703 103 723 99 702 110 700 114 721 small-vehicle
P0225__1__110___0 0.714 142 720 141 699 151 699 152 720 small-vehicle
