P0220__1__0___0 0.337 685 981 682 968 724 958 727 971 large-vehicle
P0220__1__0___0 0.372 919 989 913 967 924 964 930 986 small-vehicle
P0220__1__0___0 0.405 770 1021 764 997 777 994 783 1018 small-vehicle
P0220__1__0___0 0.425 732 1035 726 1013 737 1010 743 1032 small-vehicle
P0220__1__0___0 0.444 785 1019 777 992 790 988 798 1015 small-vehicle
P0220__1__0___0 0.487 203 1031 198 1008 210 1006 215 1029 small-vehicle
P0220__1__0___0 0.510 220 950 213 924 225 921 232 947 small-vehicle
P0220__1__0___0 0.511 771 297 766 248 824 242 829 291 helicopter
P0220__1__0___0 0.521 869 692 860 646 910 635 919 681 helicopter
P0220__1__0___0 0.528 883 798 868 751 912 737 927 784 helicopter
P0220__1__0___0 0.564 201 1009 197 992 206 990 210 1007 small-vehicle
P0220__1__0___0 0.573 234 946 227 923 239 919 246 942 small-vehicle
P0220__1__0___0 0.581 191 1029 187 1008 198 1006 202 1027 small-vehicle
P0220__1__0___0 0.583 891 993 888 974 898 972 901 991 small-vehicle
P0220__1__0___0 0.586 827 970 825 960 844 955 846 965 small-vehicle
P0220__1__0___0 0.591 214 1009 207 986 219 982 226 1005 small-vehicle
P0220__1__0___0 0.611 179 953 175 934 186 932 190 951 small-vehicle
P0220__1__0___0 0.621 826 981 824 971 845 966 847 976 small-vehicle
P0220__1__0___0 0.645 1014 965 1009 944 1019 942 1024 963 small-vehicle
P0220__1__0___0 0.665 205 952 201 929 212 927 216 950 small-vehicle
P0220__1__0___0 0.674 193 953 189 930 200 928 204 951 small-vehicle
P0220__1__0___0 0.694 165 958 161 937 172 935 176 956 small-vehicle
P0220__1__0___0 0.705 327 628 320 595 364 587 371 620 plane
P0220__1__0___0 0.720 404 606 394 574 439 561 449 593 plane
P0220__1__0___0 0.722 549 580 536 531 604 513 617 562 plane
P0220__1__0___0 0.767 963 978 957 957 968 953 974 974 small-vehicle
P0220__1__0___182 0.353 139 25 94 5 112 -35 157 -15 plane
P0220__1__0___182 0.379 683 784 680 772 720 763 723 775 large-vehicle
P0220__1__0___182 0.383 918 807 912 785 923 782 929 804 small-vehicle
P0220__1__0___182 0.411 684 799 682 787 723 778 725 790 large-vehicle
P0220__1__0___182 0.471 773 115 767 67 824 60 830 108 helicopter
P0220__1__0___182 0.522 869 509 859 462 910 452 920 499 helicopter
P0220__1__0___182 0.562 669 862 663 840 674 837 680 859 small-vehicle
P0220__1__0___182 0.563 201 826 197 809 206 807 210 824 small-vehicle
P0220__1__0___182 0.566 549 891 543 870 554 866 560 887 small-vehicle
P0220__1__0___182 0.569 645 869 640 848 650 846 655 867 small-vehicle
P0220__1__0___182 0.581 883 618 868 571 912 557 927 604 helicopter
P0220__1__0___182 0.588 536 893 530 871 541 868 547 890 small-vehicle
P0220__1__0___182 0.590 185 916 182 897 192 895 195 914 small-vehicle
P0220__1__0___182 0.594 770 841 764 816 777 812 783 837 small-vehicle
P0220__1__0___182 0.603 696 854 690 834 701 831 707 851 small-vehicle
P0220__1__0___182 0.603 632 872 626 850 637 847 643 869 small-vehicle
P0220__1__0___182 0.605 211 911 206 886 216 884 221 909 small-vehicle
P0220__1__0___182 0.613 563 887 558 869 568 866 573 884 small-vehicle
P0220__1__0___182 0.618 683 861 677 839 688 836 694 858 small-vehicle
P0220__1__0___182 0.618 220 767 213 743 225 740 232 764 small-vehicle
P0220__1__0___182 0.622 892 812 887 793 897 791 902 810 small-vehicle
P0220__1__0___182 0.625 234 763 227 740 239 736 246 759 small-vehicle
P0220__1__0___182 0.628 151 924 147 905 156 903 160 922 small-vehicle
P0220__1__0___182 0.639 604 877 598 856 609 852 615 873 small-vehicle
P0220__1__0___182 0.639 283 898 278 877 288 875 293 896 small-vehicle
P0220__1__0___182 0.641 137 928 131 905 142 903 148 926 small-vehicle
P0220__1__0___182 0.646 193 771 189 748 200 746 204 769 small-vehicle
P0220__1__0___182 0.648 179 772 175 753 186 751 190 770 small-vehicle
P0220__1__0___182 0.649 204 850 199 827 211 825 216 848 small-vehicle
P0220__1__0___182 0.650 731 849 726 831 736 828 741 846 small-vehicle
P0220__1__0___182 0.653 192 850 188 827 199 825 203 848 small-vehicle
P0220__1__0___182 0.654 214 826 207 803 219 799 226 822 small-vehicle
P0220__1__0___182 0.656 617 872 611 852 622 849 628 869 small-vehicle
P0220__1__0___182 0.658 242 907 238 884 249 882 253 905 small-vehicle
P0220__1__0___182 0.674 200 914 195 892 205 889 210 911 small-vehicle
P0220__1__0___182 0.679 1015 784 1009 762 1020 759 1026 781 small-vehicle
P0220__1__0___182 0.680 827 799 824 789 844 784 847 794 small-vehicle
P0220__1__0___182 0.683 549 398 536 349 604 331 617 380 plane
P0220__1__0___182 0.684 660 911 650 872 697 860 707 899 plane
P0220__1__0___182 0.685 257 904 251 881 262 879 268 902 small-vehicle
P0220__1__0___182 0.691 174 923 170 900 181 898 185 921 small-vehicle
P0220__1__0___182 0.692 165 775 161 754 172 752 176 773 small-vehicle
P0220__1__0___182 0.692 205 769 201 746 212 744 216 767 small-vehicle
P0220__1__0___182 0.697 307 892 302 871 312 869 317 890 small-vehicle
P0220__1__0___182 0.698 350 880 343 858 355 855 362 877 small-vehicle
P0220__1__0___182 0.699 655 864 650 843 660 841 665 862 small-vehicle
P0220__1__0___182 0.708 295 894 290 873 300 871 305 892 small-vehicle
P0220__1__0___182 0.710 785 837 777 810 790 806 798 833 small-vehicle
P0220__1__0___182 0.710 589 881 582 858 594 854 601 877 small-vehicle
P0220__1__0___182 0.712 827 788 824 777 844 771 847 782 small-vehicle
P0220__1__0___182 0.715 575 883 569 863 580 860 586 880 small-vehicle
P0220__1__0___182 0.722 403 424 394 391 440 379 449 412 plane
P0220__1__0___182 0.730 335 885 329 863 340 860 346 882 small-vehicle
P0220__1__0___182 0.731 271 900 265 878 276 875 282 897 small-vehicle
P0220__1__0___182 0.733 778 880 771 847 811 839 818 872 plane
P0220__1__0___182 0.738 232 908 228 887 237 885 241 906 small-vehicle
P0220__1__0___182 0.742 320 888 315 866 327 863 332 885 small-vehicle
P0220__1__0___182 0.749 963 795 957 774 968 770 974 791 small-vehicle
P0220__1__0___182 0.760 327 446 321 413 364 405 370 438 plane
P0220__1__824___0 0.452 881 803 844 770 852 760 889 793 large-vehicle
P0220__1__824___0 0.472 95 988 89 966 100 963 106 985 small-vehicle
P0220__1__824___0 0.487 46 692 36 646 85 635 95 681 helicopter
P0220__1__824___0 0.552 57 799 42 751 88 736 103 784 helicopter
P0220__1__824___0 0.605 67 993 64 974 74 972 77 991 small-vehicle
P0220__1__824___0 0.615 2 980 0 971 21 967 23 976 small-vehicle
P0220__1__824___0 0.615 2 970 0 960 21 955 23 965 small-vehicle
P0220__1__824___0 0.664 670 245 662 211 708 200 715 234 plane
P0220__1__824___0 0.664 204 965 198 944 209 940 215 961 small-vehicle
P0220__1__824___0 0.675 636 729 628 693 675 682 683 718 plane
P0220__1__824___0 0.686 223 960 216 938 228 935 235 957 small-vehicle
P0220__1__824___0 0.694 274 470 266 434 315 423 323 459 plane
P0220__1__824___0 0.694 314 628 307 594 353 585 360 619 plane
P0220__1__824___0 0.710 242 955 236 931 249 928 255 952 small-vehicle
P0220__1__824___0 0.719 190 967 184 945 195 942 201 964 small-vehicle
P0220__1__824___0 0.719 241 999 235 967 278 958 284 990 plane
P0220__1__824___0 0.721 387 820 378 784 424 773 433 809 plane
P0220__1__824___0 0.727 714 406 706 371 751 361 759 396 plane
P0220__1__824___0 0.729 328 326 321 295 359 287 366 318 plane
P0220__1__824___0 0.736 715 539 707 504 754 494 762 529 plane
P0220__1__824___0 0.738 656 553 649 517 699 506 706 542 plane
P0220__1__824___0 0.739 485 592 477 557 522 547 530 582 plane
P0220__1__824___0 0.739 372 617 363 583 409 572 418 606 plane
P0220__1__824___0 0.741 678 370 671 338 715 329 722 361 plane
P0220__1__824___0 0.745 502 798 494 763 539 753 547 788 plane
P0220__1__824___0 0.746 408 777 400 744 447 734 455 767 plane
P0220__1__824___0 0.748 312 497 305 464 351 454 358 487 plane
P0220__1__824___0 0.750 581 605 574 571 618 562 625 596 plane
P0220__1__824___0 0.750 444 943 436 908 481 898 489 933 plane
P0220__1__824___0 0.752 507 412 498 381 540 369 549 400 plane
P0220__1__824___0 0.755 391 437 385 405 428 396 434 428 plane
P0220__1__824___0 0.755 698 713 689 680 733 668 742 701 plane
P0220__1__824___0 0.758 139 978 132 957 144 953 151 974 small-vehicle
P0220__1__824___0 0.759 407 644 399 610 444 601 452 635 plane
P0220__1__824___0 0.760 486 458 480 426 523 417 529 449 plane
P0220__1__824___0 0.761 384 309 377 279 417 270 424 300 plane
P0220__1__824___0 0.763 208 348 201 314 247 305 254 339 plane
P0220__1__824___0 0.763 564 781 557 747 597 738 604 772 plane
P0220__1__824___0 0.767 426 604 420 569 465 561 471 596 plane
P0220__1__824___0 0.769 465 635 458 600 502 590 509 625 plane
P0220__1__824___0 0.774 729 231 721 199 760 190 768 222 plane
P0220__1__824___0 0.779 601 432 595 396 640 387 646 423 plane
P0220__1__824___0 0.780 638 596 631 561 675 551 682 586 plane
P0220__1__824___0 0.788 352 660 344 624 387 615 395 651 plane
P0220__1__824___0 0.790 620 769 613 737 653 728 660 760 plane
P0220__1__824___0 0.793 521 754 513 719 560 709 568 744 plane
P0220__1__824___0 0.809 440 298 432 265 475 255 483 288 plane
P0220__1__824___182 0.365 881 622 843 588 852 577 890 611 large-vehicle
P0220__1__824___182 0.414 45 509 36 462 86 452 95 499 helicopter
P0220__1__824___182 0.425 94 805 89 784 99 782 104 803 small-vehicle
P0220__1__824___182 0.557 58 619 42 571 87 556 103 604 helicopter
P0220__1__824___182 0.608 68 812 64 793 73 791 77 810 small-vehicle
P0220__1__824___182 0.614 2 799 0 789 21 784 23 794 small-vehicle
P0220__1__824___182 0.661 224 778 216 757 227 753 235 774 small-vehicle
P0220__1__824___182 0.664 275 288 266 252 314 241 323 277 plane
P0220__1__824___182 0.675 714 358 706 323 753 313 761 348 plane
P0220__1__824___182 0.684 426 422 420 388 465 379 471 413 plane
P0220__1__824___182 0.696 3 789 0 778 20 772 23 783 small-vehicle
P0220__1__824___182 0.703 190 785 184 764 195 760 201 781 small-vehicle
P0220__1__824___182 0.707 385 638 377 601 424 591 432 628 plane
P0220__1__824___182 0.713 241 818 234 786 278 777 285 809 plane
P0220__1__824___182 0.714 204 783 198 762 209 758 215 779 small-vehicle
P0220__1__824___182 0.716 139 795 133 774 144 770 150 791 small-vehicle
P0220__1__824___182 0.718 444 760 436 726 481 715 489 749 plane
P0220__1__824___182 0.722 408 595 400 562 447 552 455 585 plane
P0220__1__824___182 0.722 485 409 477 375 522 364 530 398 plane
P0220__1__824___182 0.729 352 478 345 441 387 433 394 470 plane
P0220__1__824___182 0.730 668 62 661 29 707 19 714 52 plane
P0220__1__824___182 0.733 679 188 673 156 716 147 722 179 plane
P0220__1__824___182 0.734 314 447 306 412 353 402 361 437 plane
P0220__1__824___182 0.734 506 230 498 199 541 187 549 218 plane
P0220__1__824___182 0.734 636 546 628 511 675 501 683 536 plane
P0220__1__824___182 0.736 440 115 432 84 475 74 483 105 plane
P0220__1__824___182 0.738 637 413 629 378 674 368 682 403 plane
P0220__1__824___182 0.743 486 276 478 243 523 233 531 266 plane
P0220__1__824___182 0.745 327 143 320 113 358 104 365 134 plane
P0220__1__824___182 0.745 465 453 458 418 502 408 509 443 plane
P0220__1__824___182 0.746 697 531 688 498 734 486 743 519 plane
P0220__1__824___182 0.746 241 773 235 749 248 746 254 770 small-vehicle
P0220__1__824___182 0.747 503 616 494 582 540 571 549 605 plane
P0220__1__824___182 0.754 619 586 613 556 654 547 660 577 plane
P0220__1__824___182 0.756 714 224 706 189 751 179 759 214 plane
P0220__1__824___182 0.758 521 572 513 537 560 527 568 562 plane
P0220__1__824___182 0.762 582 423 575 389 617 380 624 414 plane
P0220__1__824___182 0.769 564 599 557 564 597 556 604 591 plane
P0220__1__824___182 0.771 406 462 399 428 445 419 452 453 plane
P0220__1__824___182 0.774 372 436 363 401 409 389 418 424 plane
P0220__1__824___182 0.781 657 371 649 335 698 324 706 360 plane
P0220__1__824___182 0.783 208 166 202 132 249 123 255 157 plane
P0220__1__824___182 0.787 311 314 305 282 350 273 356 305 plane
P0220__1__824___182 0.791 729 48 722 17 760 9 767 40 plane
P0220__1__824___182 0.792 384 128 378 98 417 89 423 119 plane
P0220__1__824___182 0.793 391 256 385 224 428 215 434 247 plane
P0220__1__824___182 0.809 602 250 594 215 639 205 647 240 plane
P0220__1__856___0 0.446 64 989 57 967 67 964 74 986 small-vehicle
P0220__1__856___0 0.465 849 803 812 770 820 760 857 793 large-vehicle
P0220__1__856___0 0.502 14 691 4 645 53 634 63 680 helicopter
P0220__1__856___0 0.562 35 993 31 974 42 972 46 991 small-vehicle
P0220__1__856___0 0.569 25 799 10 751 56 736 71 784 helicopter
P0220__1__856___0 0.655 172 965 166 944 177 940 183 961 small-vehicle
P0220__1__856___0 0.665 638 245 630 211 676 200 683 234 plane
P0220__1__856___0 0.675 604 729 596 693 643 682 651 718 plane
P0220__1__856___0 0.682 191 960 184 938 196 935 203 957 small-vehicle
P0220__1__856___0 0.694 242 470 234 434 283 423 291 459 plane
P0220__1__856___0 0.694 282 627 275 593 321 584 328 618 plane
P0220__1__856___0 0.709 209 955 203 931 216 928 222 952 small-vehicle
P0220__1__856___0 0.716 158 967 152 945 163 942 169 964 small-vehicle
P0220__1__856___0 0.718 209 999 203 967 246 958 252 990 plane
P0220__1__856___0 0.721 355 820 346 784 392 773 401 809 plane
P0220__1__856___0 0.727 682 405 674 370 719 360 727 395 plane
P0220__1__856___0 0.729 296 326 289 295 327 287 334 318 plane
P0220__1__856___0 0.736 682 539 674 504 721 494 729 529 plane
P0220__1__856___0 0.738 107 978 100 957 112 953 119 974 small-vehicle
P0220__1__856___0 0.738 624 553 617 517 667 506 674 542 plane
P0220__1__856___0 0.739 453 592 445 557 490 547 498 582 plane
P0220__1__856___0 0.739 340 617 331 583 377 572 386 606 plane
P0220__1__856___0 0.741 646 370 639 338 683 329 690 361 plane
P0220__1__856___0 0.745 470 798 462 763 507 753 515 788 plane
P0220__1__856___0 0.746 376 777 368 744 415 734 423 767 plane
P0220__1__856___0 0.749 280 497 273 464 319 454 326 487 plane
P0220__1__856___0 0.750 549 605 542 571 586 562 593 596 plane
P0220__1__856___0 0.750 412 943 404 908 449 898 457 933 plane
P0220__1__856___0 0.752 475 412 466 381 508 369 517 400 plane
P0220__1__856___0 0.754 359 438 353 406 396 397 402 429 plane
P0220__1__856___0 0.755 666 713 657 680 701 668 710 701 plane
P0220__1__856___0 0.759 375 643 367 609 412 600 420 634 plane
P0220__1__856___0 0.760 454 458 448 426 491 417 497 449 plane
P0220__1__856___0 0.761 352 309 345 279 385 270 392 300 plane
P0220__1__856___0 0.763 532 781 525 747 565 738 572 772 plane
P0220__1__856___0 0.765 176 348 169 314 215 305 222 339 plane
P0220__1__856___0 0.767 394 604 388 569 433 561 439 596 plane
P0220__1__856___0 0.769 433 635 426 600 470 590 477 625 plane
P0220__1__856___0 0.774 697 231 689 199 728 190 736 222 plane
P0220__1__856___0 0.779 569 432 563 396 608 387 614 423 plane
P0220__1__856___0 0.780 606 596 599 561 643 551 650 586 plane
P0220__1__856___0 0.788 320 660 312 624 355 615 363 651 plane
P0220__1__856___0 0.790 588 770 581 738 621 729 628 761 plane
P0220__1__856___0 0.793 489 754 481 719 528 709 536 744 plane
P0220__1__856___0 0.809 408 298 400 265 443 255 451 288 plane
P0220__1__856___182 0.374 62 806 56 784 67 781 73 803 small-vehicle
P0220__1__856___182 0.389 849 621 811 588 820 578 858 611 large-vehicle
P0220__1__856___182 0.424 13 509 4 462 54 452 63 499 helicopter
P0220__1__856___182 0.560 26 619 10 571 55 556 71 604 helicopter
P0220__1__856___182 0.578 36 812 32 793 41 791 45 810 small-vehicle
P0220__1__856___182 0.658 192 778 184 757 195 753 203 774 small-vehicle
P0220__1__856___182 0.665 243 288 234 252 282 241 291 277 plane
P0220__1__856___182 0.675 682 358 674 323 721 313 729 348 plane
P0220__1__856___182 0.684 394 422 388 388 433 379 439 413 plane
P0220__1__856___182 0.697 158 784 152 763 163 759 169 780 small-vehicle
P0220__1__856___182 0.700 107 796 100 774 112 771 119 793 small-vehicle
P0220__1__856___182 0.707 353 638 345 601 392 591 400 628 plane
P0220__1__856___182 0.708 172 783 166 762 177 758 183 779 small-vehicle
P0220__1__856___182 0.713 209 818 202 786 246 777 253 809 plane
P0220__1__856___182 0.718 412 760 404 726 449 715 457 749 plane
P0220__1__856___182 0.722 376 595 368 562 415 552 423 585 plane
P0220__1__856___182 0.722 453 409 445 375 490 364 498 398 plane
P0220__1__856___182 0.729 320 478 313 441 355 433 362 470 plane
P0220__1__856___182 0.730 636 62 629 29 675 19 682 52 plane
P0220__1__856___182 0.733 647 188 641 156 684 147 690 179 plane
P0220__1__856___182 0.734 282 447 274 412 321 402 329 437 plane
P0220__1__856___182 0.734 474 230 466 199 509 187 517 218 plane
P0220__1__856___182 0.734 604 546 596 511 643 501 651 536 plane
P0220__1__856___182 0.736 408 115 400 84 443 74 451 105 plane
P0220__1__856___182 0.738 605 413 597 378 642 368 650 403 plane
P0220__1__856___182 0.743 454 276 446 243 491 233 499 266 plane
P0220__1__856___182 0.745 210 773 204 749 217 746 223 770 small-vehicle
P0220__1__856___182 0.745 433 453 426 418 470 408 477 443 plane
P0220__1__856___182 0.745 295 143 288 113 326 104 333 134 plane
P0220__1__856___182 0.746 665 531 656 498 702 486 711 519 plane
P0220__1__856___182 0.747 471 616 462 582 508 571 517 605 plane
P0220__1__856___182 0.754 587 586 581 556 622 547 628 577 plane
P0220__1__856___182 0.756 682 224 674 189 719 179 727 214 plane
P0220__1__856___182 0.759 489 572 481 537 528 527 536 562 plane
P0220__1__856___182 0.762 549 423 542 389 584 380 591 414 plane
P0220__1__856___182 0.769 532 599 525 564 565 556 572 591 plane
P0220__1__856___182 0.771 374 462 367 428 413 419 420 453 plane
P0220__1__856___182 0.774 340 436 331 401 377 389 386 424 plane
P0220__1__856___182 0.781 625 371 617 335 666 324 674 360 plane
P0220__1__856___182 0.783 176 166 170 132 217 123 223 157 plane
P0220__1__856___182 0.787 279 314 273 282 318 273 324 305 plane
P0220__1__856___182 0.791 697 48 690 17 728 9 735 40 plane
P0220__1__856___182 0.792 351 128 345 98 384 89 390 119 plane
P0220__1__856___182 0.793 359 256 353 224 396 215 402 247 plane
P0220__1__856___182 0.809 569 250 563 214 608 205 614 241 plane
