P0233__1__0___0 0.274 551 1042 537 1032 558 1001 572 1011 small-vehicle
P0233__1__0___0 0.294 938 1035 921 1023 943 992 960 1004 small-vehicle
P0233__1__0___0 0.348 711 954 687 941 720 881 744 894 large-vehicle
P0233__1__0___0 0.365 462 862 442 849 447 841 467 854 small-vehicle
P0233__1__0___0 0.366 368 1035 343 1021 351 1006 376 1020 small-vehicle
P0233__1__0___0 0.407 546 915 520 899 527 888 553 904 small-vehicle
P0233__1__0___0 0.415 232 203 209 187 257 116 280 132 large-vehicle
P0233__1__0___0 0.419 23 84 3 73 42 5 62 16 large-vehicle
P0233__1__0___0 0.441 778 951 762 938 789 904 805 917 small-vehicle
P0233__1__0___0 0.451 209 702 176 681 186 665 219 686 small-vehicle
P0233__1__0___0 0.491 246 80 206 58 217 39 257 61 small-vehicle
P0233__1__0___0 0.500 499 887 467 866 476 854 508 875 small-vehicle
P0233__1__0___0 0.515 717 1038 678 1011 690 993 729 1020 small-vehicle
P0233__1__0___0 0.516 590 540 572 529 597 487 615 498 large-vehicle
P0233__1__0___0 0.535 293 376 276 364 316 305 333 317 large-vehicle
P0233__1__0___0 0.535 900 770 881 758 921 699 940 711 large-vehicle
P0233__1__0___0 0.566 630 597 611 585 649 522 668 534 large-vehicle
P0233__1__0___0 0.587 370 533 352 521 443 386 461 398 large-vehicle
P0233__1__0___0 0.589 47 103 26 92 60 26 81 37 large-vehicle
P0233__1__0___0 0.590 836 838 814 832 831 763 853 769 large-vehicle
P0233__1__0___0 0.599 396 434 379 422 417 369 434 381 large-vehicle
P0233__1__0___0 0.601 268 861 252 851 273 816 289 826 small-vehicle
P0233__1__0___0 0.605 671 1003 637 981 646 966 680 988 small-vehicle
P0233__1__0___0 0.613 797 693 779 681 814 626 832 638 large-vehicle
P0233__1__0___0 0.614 1004 859 971 838 981 822 1014 843 small-vehicle
P0233__1__0___0 0.618 338 621 319 605 363 552 382 568 large-vehicle
P0233__1__0___0 0.621 765 684 746 672 786 611 805 623 large-vehicle
P0233__1__0___0 0.627 657 922 637 906 682 847 702 863 large-vehicle
P0233__1__0___0 0.627 932 765 919 750 947 726 960 741 small-vehicle
P0233__1__0___0 0.634 822 720 802 708 841 645 861 657 large-vehicle
P0233__1__0___0 0.635 872 755 854 743 895 680 913 692 large-vehicle
P0233__1__0___0 0.639 272 460 254 448 339 323 357 335 large-vehicle
P0233__1__0___0 0.643 615 896 595 883 636 819 656 832 large-vehicle
P0233__1__0___0 0.646 455 795 435 782 482 712 502 725 large-vehicle
P0233__1__0___0 0.648 306 471 286 458 365 336 385 349 large-vehicle
P0233__1__0___0 0.650 494 504 477 492 517 433 534 445 large-vehicle
P0233__1__0___0 0.653 224 426 206 414 291 285 309 297 large-vehicle
P0233__1__0___0 0.654 741 667 722 655 760 592 779 604 large-vehicle
P0233__1__0___0 0.657 568 859 548 846 589 784 609 797 large-vehicle
P0233__1__0___0 0.658 330 486 312 474 391 353 409 365 large-vehicle
P0233__1__0___0 0.660 285 872 270 863 290 831 305 840 small-vehicle
P0233__1__0___0 0.663 848 737 830 725 869 662 887 674 large-vehicle
P0233__1__0___0 0.667 664 607 646 597 679 540 697 550 large-vehicle
P0233__1__0___0 0.667 302 885 287 876 309 842 324 851 small-vehicle
P0233__1__0___0 0.667 1012 841 975 817 985 800 1022 824 small-vehicle
P0233__1__0___0 0.672 484 1005 469 995 491 962 506 972 small-vehicle
P0233__1__0___0 0.674 519 523 501 512 542 450 560 461 large-vehicle
P0233__1__0___0 0.677 421 838 387 814 398 797 432 821 small-vehicle
P0233__1__0___0 0.678 759 942 743 928 770 897 786 911 small-vehicle
P0233__1__0___0 0.682 887 1018 870 1006 892 973 909 985 small-vehicle
P0233__1__0___0 0.688 713 648 695 637 734 575 752 586 large-vehicle
P0233__1__0___0 0.689 602 580 584 568 623 505 641 517 large-vehicle
P0233__1__0___0 0.692 253 728 223 707 234 691 264 712 small-vehicle
P0233__1__0___0 0.696 989 874 960 855 970 841 999 860 small-vehicle
P0233__1__0___0 0.700 360 920 343 909 365 873 382 884 small-vehicle
P0233__1__0___0 0.701 336 784 301 760 313 743 348 767 small-vehicle
P0233__1__0___0 0.707 503 1014 488 1005 508 973 523 982 small-vehicle
P0233__1__0___0 0.710 681 635 663 623 706 556 724 568 large-vehicle
P0233__1__0___0 0.712 468 492 450 480 491 417 509 429 large-vehicle
P0233__1__0___0 0.718 832 985 814 974 837 938 855 949 small-vehicle
P0233__1__0___0 0.719 215 824 200 813 222 781 237 792 small-vehicle
P0233__1__0___0 0.722 904 1028 888 1017 911 983 927 994 small-vehicle
P0233__1__0___0 0.739 797 959 781 947 802 918 818 930 small-vehicle
P0233__1__0___0 0.750 585 947 548 923 558 908 595 932 small-vehicle
P0233__1__0___0 0.754 520 1025 505 1015 527 982 542 992 small-vehicle
P0233__1__0___0 0.764 383 812 349 789 360 773 394 796 small-vehicle
P0233__1__0___172 0.262 966 901 945 886 967 854 988 869 small-vehicle
P0233__1__0___172 0.280 233 663 219 654 238 626 252 635 small-vehicle
P0233__1__0___172 0.289 461 690 440 678 446 669 467 681 small-vehicle
P0233__1__0___172 0.359 603 920 588 910 612 875 627 885 small-vehicle
P0233__1__0___172 0.391 711 782 687 769 720 709 744 722 large-vehicle
P0233__1__0___172 0.420 847 945 818 927 826 914 855 932 small-vehicle
P0233__1__0___172 0.422 830 1012 808 995 817 983 839 1000 small-vehicle
P0233__1__0___172 0.423 1006 924 992 914 1015 881 1029 891 small-vehicle
P0233__1__0___172 0.443 956 891 943 882 961 854 974 863 small-vehicle
P0233__1__0___172 0.449 546 744 523 729 529 719 552 734 small-vehicle
P0233__1__0___172 0.464 552 877 537 866 559 834 574 845 small-vehicle
P0233__1__0___172 0.480 209 530 174 508 184 491 219 513 small-vehicle
P0233__1__0___172 0.487 993 912 979 903 998 875 1012 884 small-vehicle
P0233__1__0___172 0.512 590 368 572 357 597 315 615 326 large-vehicle
P0233__1__0___172 0.534 294 204 277 192 317 133 334 145 large-vehicle
P0233__1__0___172 0.550 500 715 467 694 475 680 508 701 small-vehicle
P0233__1__0___172 0.552 338 449 319 434 361 380 380 395 large-vehicle
P0233__1__0___172 0.565 286 700 271 691 291 659 306 668 small-vehicle
P0233__1__0___172 0.570 666 435 647 425 679 368 698 378 large-vehicle
P0233__1__0___172 0.583 796 523 778 511 815 454 833 466 large-vehicle
P0233__1__0___172 0.601 837 666 815 661 832 593 854 598 large-vehicle
P0233__1__0___172 0.601 822 548 802 535 841 473 861 486 large-vehicle
P0233__1__0___172 0.607 371 360 352 348 444 213 463 225 large-vehicle
P0233__1__0___172 0.610 273 288 255 277 340 151 358 162 large-vehicle
P0233__1__0___172 0.618 778 779 762 766 789 732 805 745 small-vehicle
P0233__1__0___172 0.620 588 905 573 895 595 862 610 872 small-vehicle
P0233__1__0___172 0.622 397 262 380 250 416 197 433 209 large-vehicle
P0233__1__0___172 0.624 1012 670 974 646 985 629 1023 653 small-vehicle
P0233__1__0___172 0.626 902 981 867 957 877 942 912 966 small-vehicle
P0233__1__0___172 0.630 615 724 594 711 636 647 657 660 large-vehicle
P0233__1__0___172 0.632 657 751 637 735 682 676 702 692 large-vehicle
P0233__1__0___172 0.633 848 565 828 553 867 490 887 502 large-vehicle
P0233__1__0___172 0.639 797 787 782 776 802 746 817 757 small-vehicle
P0233__1__0___172 0.644 330 315 311 303 391 180 410 192 large-vehicle
P0233__1__0___172 0.644 682 461 663 449 705 384 724 396 large-vehicle
P0233__1__0___172 0.649 937 877 922 866 944 836 959 847 small-vehicle
P0233__1__0___172 0.655 645 937 629 927 648 894 664 904 small-vehicle
P0233__1__0___172 0.658 456 625 435 612 483 538 504 551 large-vehicle
P0233__1__0___172 0.659 807 924 772 901 784 883 819 906 small-vehicle
P0233__1__0___172 0.660 224 254 206 242 291 113 309 125 large-vehicle
P0233__1__0___172 0.661 742 495 723 483 761 420 780 432 large-vehicle
P0233__1__0___172 0.661 873 583 855 571 896 508 914 520 large-vehicle
P0233__1__0___172 0.666 670 832 637 810 647 795 680 817 small-vehicle
P0233__1__0___172 0.669 899 600 881 588 922 527 940 539 large-vehicle
P0233__1__0___172 0.675 888 845 871 834 893 802 910 813 small-vehicle
P0233__1__0___172 0.676 713 476 695 465 734 403 752 414 large-vehicle
P0233__1__0___172 0.679 569 687 549 674 590 612 610 625 large-vehicle
P0233__1__0___172 0.681 766 512 747 500 787 439 806 451 large-vehicle
P0233__1__0___172 0.682 306 299 287 286 367 164 386 177 large-vehicle
P0233__1__0___172 0.683 494 334 476 322 517 261 535 273 large-vehicle
P0233__1__0___172 0.685 759 770 743 756 768 725 784 739 small-vehicle
P0233__1__0___172 0.688 932 593 919 578 947 554 960 569 small-vehicle
P0233__1__0___172 0.690 519 351 502 340 542 278 559 289 large-vehicle
P0233__1__0___172 0.692 630 425 610 413 649 350 669 362 large-vehicle
P0233__1__0___172 0.692 216 652 200 642 221 609 237 619 small-vehicle
P0233__1__0___172 0.695 1004 687 971 666 981 650 1014 671 small-vehicle
P0233__1__0___172 0.696 467 320 449 308 490 245 508 257 large-vehicle
P0233__1__0___172 0.696 764 895 726 871 739 852 777 876 small-vehicle
P0233__1__0___172 0.697 303 713 287 703 308 670 324 680 small-vehicle
P0233__1__0___172 0.698 603 407 585 396 624 334 642 345 large-vehicle
P0233__1__0___172 0.703 269 688 253 678 274 645 290 655 small-vehicle
P0233__1__0___172 0.708 253 556 223 535 234 519 264 540 small-vehicle
P0233__1__0___172 0.710 502 844 486 833 507 801 523 812 small-vehicle
P0233__1__0___172 0.710 717 869 677 841 690 822 730 850 small-vehicle
P0233__1__0___172 0.712 989 702 960 683 970 669 999 688 small-vehicle
P0233__1__0___172 0.714 360 747 343 736 365 700 382 711 small-vehicle
P0233__1__0___172 0.722 831 813 814 801 838 766 855 778 small-vehicle
P0233__1__0___172 0.725 422 666 386 642 397 625 433 649 small-vehicle
P0233__1__0___172 0.727 336 612 301 588 313 571 348 595 small-vehicle
P0233__1__0___172 0.737 903 856 888 845 912 811 927 822 small-vehicle
P0233__1__0___172 0.740 573 890 556 880 578 845 595 855 small-vehicle
P0233__1__0___172 0.740 973 903 959 894 978 864 992 873 small-vehicle
P0233__1__0___172 0.750 484 834 469 825 491 791 506 800 small-vehicle
P0233__1__0___172 0.759 520 854 504 843 527 809 543 820 small-vehicle
P0233__1__0___172 0.775 584 776 548 752 559 735 595 759 small-vehicle
P0233__1__0___172 0.785 383 640 349 617 360 601 394 624 small-vehicle
P0233__1__145___0 0.253 222 1025 197 1010 205 996 230 1011 small-vehicle
P0233__1__145___0 0.271 408 1039 394 1029 413 1002 427 1012 small-vehicle
P0233__1__145___0 0.314 793 1043 777 1032 798 1000 814 1011 small-vehicle
P0233__1__145___0 0.319 88 839 73 830 93 798 108 807 small-vehicle
P0233__1__145___0 0.355 564 953 540 939 575 878 599 892 large-vehicle
P0233__1__145___0 0.371 223 1035 198 1022 206 1008 231 1021 small-vehicle
P0233__1__145___0 0.373 317 863 296 850 302 840 323 853 small-vehicle
P0233__1__145___0 0.394 401 916 377 901 384 891 408 906 small-vehicle
P0233__1__145___0 0.414 88 202 65 186 113 117 136 133 large-vehicle
P0233__1__145___0 0.482 445 540 427 529 452 487 470 498 large-vehicle
P0233__1__145___0 0.489 922 936 887 913 897 897 932 920 small-vehicle
P0233__1__145___0 0.498 354 887 322 867 331 854 363 874 small-vehicle
P0233__1__145___0 0.504 101 82 60 59 72 39 113 62 small-vehicle
P0233__1__145___0 0.506 64 702 31 681 41 665 74 686 small-vehicle
P0233__1__145___0 0.508 150 375 132 364 171 306 189 317 large-vehicle
P0233__1__145___0 0.515 572 1038 532 1012 545 993 585 1019 small-vehicle
P0233__1__145___0 0.523 485 597 466 586 504 522 523 534 large-vehicle
P0233__1__145___0 0.552 525 1003 492 981 502 966 535 988 small-vehicle
P0233__1__145___0 0.562 691 840 669 834 688 759 710 765 large-vehicle
P0233__1__145___0 0.566 1005 812 969 791 980 773 1016 794 small-vehicle
P0233__1__145___0 0.569 157 886 142 877 164 843 179 852 small-vehicle
P0233__1__145___0 0.574 633 951 616 938 642 904 659 917 small-vehicle
P0233__1__145___0 0.579 756 770 738 757 777 699 795 712 large-vehicle
P0233__1__145___0 0.580 972 869 936 847 947 830 983 852 small-vehicle
P0233__1__145___0 0.596 226 533 207 520 297 386 316 399 large-vehicle
P0233__1__145___0 0.605 513 922 493 907 538 847 558 862 large-vehicle
P0233__1__145___0 0.606 193 621 174 606 216 552 235 567 large-vehicle
P0233__1__145___0 0.618 124 862 108 852 129 817 145 827 small-vehicle
P0233__1__145___0 0.621 620 685 601 672 641 610 660 623 large-vehicle
P0233__1__145___0 0.624 470 896 450 883 491 819 511 832 large-vehicle
P0233__1__145___0 0.624 126 461 109 449 195 322 212 334 large-vehicle
P0233__1__145___0 0.625 728 756 710 744 751 681 769 693 large-vehicle
P0233__1__145___0 0.628 652 693 633 681 669 626 688 638 large-vehicle
P0233__1__145___0 0.634 252 434 235 423 271 369 288 380 large-vehicle
P0233__1__145___0 0.635 703 737 684 725 724 662 743 674 large-vehicle
P0233__1__145___0 0.642 917 960 877 935 888 917 928 942 small-vehicle
P0233__1__145___0 0.644 161 471 142 458 222 336 241 349 large-vehicle
P0233__1__145___0 0.644 677 720 657 708 696 645 716 657 large-vehicle
P0233__1__145___0 0.644 858 859 825 837 837 820 870 842 small-vehicle
P0233__1__145___0 0.644 423 859 403 846 444 784 464 797 large-vehicle
P0233__1__145___0 0.646 521 606 502 596 534 539 553 549 large-vehicle
P0233__1__145___0 0.649 868 842 829 817 839 801 878 826 small-vehicle
P0233__1__145___0 0.651 596 667 576 654 615 592 635 605 large-vehicle
P0233__1__145___0 0.654 185 486 167 474 246 353 264 365 large-vehicle
P0233__1__145___0 0.657 79 426 61 414 146 285 164 297 large-vehicle
P0233__1__145___0 0.663 214 919 197 909 219 872 236 882 small-vehicle
P0233__1__145___0 0.676 276 838 242 814 253 797 287 821 small-vehicle
P0233__1__145___0 0.677 843 875 814 856 824 842 853 861 small-vehicle
P0233__1__145___0 0.677 349 504 332 492 372 433 389 445 large-vehicle
P0233__1__145___0 0.680 311 796 291 783 338 711 358 724 large-vehicle
P0233__1__145___0 0.680 742 1017 725 1005 747 972 764 984 small-vehicle
P0233__1__145___0 0.681 374 522 357 510 397 449 414 461 large-vehicle
P0233__1__145___0 0.681 999 1011 966 989 976 974 1009 996 small-vehicle
P0233__1__145___0 0.681 140 874 125 864 145 831 160 841 small-vehicle
P0233__1__145___0 0.684 340 1006 324 996 345 963 361 973 small-vehicle
P0233__1__145___0 0.685 358 1015 343 1006 363 974 378 983 small-vehicle
P0233__1__145___0 0.687 458 580 440 568 479 505 497 517 large-vehicle
P0233__1__145___0 0.690 652 959 637 948 659 918 674 929 small-vehicle
P0233__1__145___0 0.696 109 728 77 707 88 691 120 712 small-vehicle
P0233__1__145___0 0.696 569 648 550 636 588 575 607 587 large-vehicle
P0233__1__145___0 0.705 535 635 517 623 560 556 578 568 large-vehicle
P0233__1__145___0 0.708 787 764 775 749 804 725 816 740 small-vehicle
P0233__1__145___0 0.709 686 985 669 973 693 938 710 950 small-vehicle
P0233__1__145___0 0.710 759 1028 743 1017 766 983 782 994 small-vehicle
P0233__1__145___0 0.714 238 812 204 789 215 773 249 796 small-vehicle
P0233__1__145___0 0.722 323 493 305 481 346 418 364 430 large-vehicle
P0233__1__145___0 0.722 614 942 598 928 625 897 641 911 small-vehicle
P0233__1__145___0 0.728 441 948 402 924 412 907 451 931 small-vehicle
P0233__1__145___0 0.735 71 824 55 814 76 781 92 791 small-vehicle
P0233__1__145___0 0.736 191 784 156 760 168 743 203 767 small-vehicle
P0233__1__145___0 0.740 961 889 920 863 932 844 973 870 small-vehicle
P0233__1__145___0 0.764 374 1024 359 1015 381 981 396 990 small-vehicle
P0233__1__145___0 0.791 936 920 900 896 911 879 947 903 small-vehicle
P0233__1__145___172 0.256 1008 591 993 583 1003 564 1018 572 small-vehicle
P0233__1__145___172 0.258 88 31 56 10 67 -5 99 15 small-vehicle
P0233__1__145___172 0.263 474 791 447 775 453 764 480 780 small-vehicle
P0233__1__145___172 0.267 853 918 837 906 860 873 876 885 small-vehicle
P0233__1__145___172 0.289 1004 813 979 798 987 784 1012 799 small-vehicle
P0233__1__145___172 0.321 864 924 847 913 869 881 886 892 small-vehicle
P0233__1__145___172 0.327 318 691 297 678 303 668 324 681 small-vehicle
P0233__1__145___172 0.359 943 1032 927 1023 942 997 958 1006 small-vehicle
P0233__1__145___172 0.368 564 782 540 768 575 707 599 721 large-vehicle
P0233__1__145___172 0.368 459 919 444 909 466 876 481 886 small-vehicle
P0233__1__145___172 0.381 88 665 74 656 93 626 107 635 small-vehicle
P0233__1__145___172 0.398 703 945 672 926 680 914 711 933 small-vehicle
P0233__1__145___172 0.409 685 1012 663 995 672 983 694 1000 small-vehicle
P0233__1__145___172 0.421 407 877 392 866 414 834 429 845 small-vehicle
P0233__1__145___172 0.452 848 911 834 901 853 874 867 884 small-vehicle
P0233__1__145___172 0.475 148 204 131 192 171 135 188 147 large-vehicle
P0233__1__145___172 0.488 400 743 379 730 385 720 406 733 small-vehicle
P0233__1__145___172 0.498 811 891 798 882 816 854 829 863 small-vehicle
P0233__1__145___172 0.525 526 832 493 810 503 795 536 817 small-vehicle
P0233__1__145___172 0.532 65 531 30 509 40 492 75 514 small-vehicle
P0233__1__145___172 0.532 923 765 888 742 898 726 933 749 small-vehicle
P0233__1__145___172 0.533 470 725 449 711 491 646 512 660 large-vehicle
P0233__1__145___172 0.539 445 367 427 356 452 314 470 325 large-vehicle
P0233__1__145___172 0.555 140 702 125 692 145 659 160 669 small-vehicle
P0233__1__145___172 0.568 356 716 323 695 331 681 364 702 small-vehicle
P0233__1__145___172 0.569 692 666 669 661 687 589 710 594 large-vehicle
P0233__1__145___172 0.573 758 982 722 958 731 943 767 967 small-vehicle
P0233__1__145___172 0.575 1006 640 970 619 981 601 1017 622 small-vehicle
P0233__1__145___172 0.577 653 787 637 776 658 746 674 757 small-vehicle
P0233__1__145___172 0.582 127 290 109 278 196 151 214 163 large-vehicle
P0233__1__145___172 0.583 225 361 206 349 298 214 317 226 large-vehicle
P0233__1__145___172 0.593 651 523 633 511 670 454 688 466 large-vehicle
P0233__1__145___172 0.594 194 449 175 434 217 380 236 395 large-vehicle
P0233__1__145___172 0.604 520 435 501 425 533 368 552 378 large-vehicle
P0233__1__145___172 0.609 514 751 493 736 537 676 558 691 large-vehicle
P0233__1__145___172 0.618 676 547 656 534 695 472 715 485 large-vehicle
P0233__1__145___172 0.626 443 906 428 896 450 863 465 873 small-vehicle
P0233__1__145___172 0.628 962 1008 943 997 963 961 982 972 small-vehicle
P0233__1__145___172 0.632 185 315 166 303 246 180 265 192 large-vehicle
P0233__1__145___172 0.634 704 565 684 553 723 490 743 502 large-vehicle
P0233__1__145___172 0.640 999 838 966 816 976 801 1009 823 small-vehicle
P0233__1__145___172 0.646 423 686 404 674 444 613 463 625 large-vehicle
P0233__1__145___172 0.649 349 334 331 322 372 261 390 273 large-vehicle
P0233__1__145___172 0.652 918 789 877 763 889 744 930 770 small-vehicle
P0233__1__145___172 0.654 252 262 235 250 271 197 288 209 large-vehicle
P0233__1__145___172 0.654 500 937 483 927 503 894 520 904 small-vehicle
P0233__1__145___172 0.658 595 494 577 483 616 421 634 432 large-vehicle
P0233__1__145___172 0.660 79 255 61 243 146 114 164 126 large-vehicle
P0233__1__145___172 0.664 573 869 533 841 546 822 586 850 small-vehicle
P0233__1__145___172 0.664 754 598 736 586 777 527 795 539 large-vehicle
P0233__1__145___172 0.665 867 670 829 645 840 629 878 654 small-vehicle
P0233__1__145___172 0.667 843 703 814 683 824 668 853 688 small-vehicle
P0233__1__145___172 0.667 728 583 710 571 751 508 769 520 large-vehicle
P0233__1__145___172 0.669 311 625 290 612 338 538 359 551 large-vehicle
P0233__1__145___172 0.670 537 460 519 448 560 385 578 397 large-vehicle
P0233__1__145___172 0.674 742 845 725 833 747 800 764 812 small-vehicle
P0233__1__145___172 0.678 162 299 142 286 221 164 241 177 large-vehicle
P0233__1__145___172 0.678 568 477 548 464 587 402 607 415 large-vehicle
P0233__1__145___172 0.682 632 779 616 766 643 732 659 745 small-vehicle
P0233__1__145___172 0.684 859 688 825 666 836 649 870 671 small-vehicle
P0233__1__145___172 0.685 486 425 466 413 505 350 525 362 large-vehicle
P0233__1__145___172 0.687 620 513 601 501 641 440 660 452 large-vehicle
P0233__1__145___172 0.688 358 843 343 833 363 800 378 810 small-vehicle
P0233__1__145___172 0.695 214 747 197 736 219 700 236 711 small-vehicle
P0233__1__145___172 0.696 792 877 777 867 799 836 814 846 small-vehicle
P0233__1__145___172 0.699 788 592 775 577 803 553 816 568 small-vehicle
P0233__1__145___172 0.701 972 695 936 673 947 656 983 678 small-vehicle
P0233__1__145___172 0.704 662 922 626 900 637 883 673 905 small-vehicle
P0233__1__145___172 0.704 374 350 357 339 397 277 414 288 large-vehicle
P0233__1__145___172 0.705 71 652 55 642 76 609 92 619 small-vehicle
P0233__1__145___172 0.708 686 813 669 801 693 766 710 778 small-vehicle
P0233__1__145___172 0.711 277 666 241 642 252 625 288 649 small-vehicle
P0233__1__145___172 0.717 759 856 743 844 766 811 782 823 small-vehicle
P0233__1__145___172 0.729 108 557 77 535 89 518 120 540 small-vehicle
P0233__1__145___172 0.729 458 407 440 396 479 334 497 345 large-vehicle
P0233__1__145___172 0.731 123 689 107 679 128 644 144 654 small-vehicle
P0233__1__145___172 0.731 375 853 359 843 380 810 396 820 small-vehicle
P0233__1__145___172 0.732 614 770 598 756 625 725 641 739 small-vehicle
P0233__1__145___172 0.733 619 895 581 871 594 852 632 876 small-vehicle
P0233__1__145___172 0.734 157 713 142 703 164 670 179 680 small-vehicle
P0233__1__145___172 0.739 340 834 324 824 345 791 361 801 small-vehicle
P0233__1__145___172 0.740 961 717 920 691 932 672 973 698 small-vehicle
P0233__1__145___172 0.742 323 321 304 308 344 246 363 259 large-vehicle
P0233__1__145___172 0.745 828 902 814 893 833 863 847 872 small-vehicle
P0233__1__145___172 0.749 428 890 412 880 433 845 449 855 small-vehicle
P0233__1__145___172 0.752 238 639 204 617 215 600 249 622 small-vehicle
P0233__1__145___172 0.752 936 748 899 724 911 707 948 731 small-vehicle
P0233__1__145___172 0.754 191 612 156 588 168 571 203 595 small-vehicle
P0233__1__145___172 0.766 439 776 403 752 414 735 450 759 small-vehicle
