P0232__1__0___0 0.344 -8 909 -24 899 -3 866 12 876 small-vehicle
P0232__1__0___0 0.486 1019 374 999 370 1008 327 1028 331 small-vehicle
P0232__1__0___0 0.557 209 1040 194 1032 212 1003 227 1011 small-vehicle
P0232__1__0___0 0.558 49 935 34 924 56 892 71 903 small-vehicle
P0232__1__0___0 0.575 265 956 249 947 266 915 282 924 small-vehicle
P0232__1__0___0 0.601 66 955 49 945 69 912 86 922 small-vehicle
P0232__1__0___0 0.615 117 988 99 976 124 937 142 949 small-vehicle
P0232__1__0___0 0.638 872 278 863 237 883 233 892 274 small-vehicle
P0232__1__0___0 0.648 0 785 -17 774 4 738 21 749 small-vehicle
P0232__1__0___0 0.649 16 799 0 788 21 754 38 765 small-vehicle
P0232__1__0___0 0.650 195 909 180 900 200 868 215 877 small-vehicle
P0232__1__0___0 0.655 767 239 751 202 770 194 786 231 small-vehicle
P0232__1__0___0 0.660 174 1019 157 1009 177 974 194 984 small-vehicle
P0232__1__0___0 0.660 1001 968 928 920 1030 763 1103 811 tennis-court
P0232__1__0___0 0.672 850 264 843 229 861 225 868 260 small-vehicle
P0232__1__0___0 0.683 72 828 56 818 75 787 91 797 small-vehicle
P0232__1__0___0 0.684 729 615 655 569 754 412 828 458 tennis-court
P0232__1__0___0 0.684 52 821 35 811 57 776 74 786 small-vehicle
P0232__1__0___0 0.684 151 1010 135 1000 154 969 170 979 small-vehicle
P0232__1__0___0 0.686 246 941 232 933 249 904 263 912 small-vehicle
P0232__1__0___0 0.692 907 901 833 855 932 698 1006 744 tennis-court
P0232__1__0___0 0.700 301 346 229 299 330 145 402 192 tennis-court
P0232__1__0___0 0.704 898 286 892 250 911 247 917 283 small-vehicle
P0232__1__0___0 0.708 229 929 215 921 234 890 248 898 small-vehicle
P0232__1__0___0 0.717 824 249 811 215 829 208 842 242 small-vehicle
P0232__1__0___0 0.718 1000 351 983 348 991 310 1008 313 small-vehicle
P0232__1__0___0 0.722 511 477 438 430 536 274 609 321 tennis-court
P0232__1__0___0 0.723 194 1027 177 1017 197 984 214 994 small-vehicle
P0232__1__0___0 0.724 923 305 920 268 938 266 941 303 small-vehicle
P0232__1__0___0 0.725 406 411 334 363 435 208 507 256 tennis-court
P0232__1__0___0 0.727 798 242 783 207 801 199 816 234 small-vehicle
P0232__1__0___0 0.729 615 543 541 497 640 340 714 386 tennis-court
P0232__1__0___0 0.740 963 321 943 320 944 280 964 281 small-vehicle
P0232__1__0___0 0.745 161 887 145 878 164 844 180 853 small-vehicle
P0232__1__0___0 0.745 109 851 92 841 112 808 129 818 small-vehicle
P0232__1__0___0 0.749 214 919 198 910 215 880 231 889 small-vehicle
P0232__1__0___0 0.761 144 873 127 863 147 830 164 840 small-vehicle
P0232__1__0___0 0.765 88 840 73 831 91 801 106 810 small-vehicle
P0232__1__0___0 0.783 983 332 966 332 968 299 985 299 small-vehicle
P0232__1__0___706 0.369 282 380 267 371 285 343 300 352 small-vehicle
P0232__1__0___706 0.405 551 440 383 439 384 287 552 288 roundabout
P0232__1__0___706 0.411 -6 200 -21 190 -1 159 13 169 small-vehicle
P0232__1__0___706 0.501 48 228 33 217 57 187 72 198 small-vehicle
P0232__1__0___706 0.519 1058 866 914 776 971 685 1115 775 basketball-court
P0232__1__0___706 0.592 262 368 247 359 265 329 280 338 small-vehicle
P0232__1__0___706 0.595 116 283 98 271 125 232 143 244 small-vehicle
P0232__1__0___706 0.600 65 248 49 238 70 205 86 215 small-vehicle
P0232__1__0___706 0.612 265 250 248 241 266 209 283 218 small-vehicle
P0232__1__0___706 0.618 245 235 231 227 248 198 262 206 small-vehicle
P0232__1__0___706 0.629 172 314 156 304 177 269 193 279 small-vehicle
P0232__1__0___706 0.637 192 323 176 313 197 278 213 288 small-vehicle
P0232__1__0___706 0.639 586 552 556 528 567 515 597 539 small-vehicle
P0232__1__0___706 0.646 0 79 -17 68 4 32 21 43 small-vehicle
P0232__1__0___706 0.658 1001 263 927 216 1028 56 1102 103 tennis-court
P0232__1__0___706 0.680 213 213 198 203 216 174 231 184 small-vehicle
P0232__1__0___706 0.687 16 93 0 83 21 48 38 58 small-vehicle
P0232__1__0___706 0.688 195 204 179 194 200 161 216 171 small-vehicle
P0232__1__0___706 0.689 907 194 834 148 932 -6 1005 39 tennis-court
P0232__1__0___706 0.695 1000 652 925 605 1027 443 1102 490 tennis-court
P0232__1__0___706 0.697 208 338 192 328 211 297 227 307 small-vehicle
P0232__1__0___706 0.704 243 360 228 351 248 319 263 328 small-vehicle
P0232__1__0___706 0.707 142 167 126 157 147 124 163 134 small-vehicle
P0232__1__0___706 0.710 151 304 135 294 156 263 172 273 small-vehicle
P0232__1__0___706 0.712 950 586 875 539 973 383 1048 430 tennis-court
P0232__1__0___706 0.717 161 182 144 172 164 137 181 147 small-vehicle
P0232__1__0___706 0.719 52 116 35 105 57 69 74 80 small-vehicle
P0232__1__0___706 0.723 845 521 772 474 870 318 943 365 tennis-court
P0232__1__0___706 0.724 743 456 669 410 768 253 842 299 tennis-court
P0232__1__0___706 0.745 230 224 214 214 233 183 249 193 small-vehicle
P0232__1__0___706 0.757 109 145 92 135 112 102 129 112 small-vehicle
P0232__1__0___706 0.762 89 133 73 124 90 94 106 103 small-vehicle
P0232__1__0___706 0.763 72 122 56 112 75 81 91 91 small-vehicle
P0232__1__502___0 0.315 822 1119 747 1074 843 916 918 961 tennis-court
P0232__1__502___0 0.434 555 413 537 407 548 370 566 376 small-vehicle
P0232__1__502___0 0.468 588 466 569 459 585 415 604 422 large-vehicle
P0232__1__502___0 0.480 934 691 858 442 1093 370 1169 619 baseball-diamond
P0232__1__502___0 0.500 537 392 518 388 528 343 547 347 large-vehicle
P0232__1__502___0 0.509 573 438 553 433 566 387 586 392 large-vehicle
P0232__1__502___0 0.527 1107 291 840 219 914 -55 1181 16 baseball-diamond
P0232__1__502___0 0.549 517 374 498 370 506 327 525 331 small-vehicle
P0232__1__502___0 0.574 605 491 584 484 598 440 619 447 large-vehicle
P0232__1__502___0 0.628 715 1100 640 1053 740 893 815 940 tennis-court
P0232__1__502___0 0.629 405 900 332 854 430 699 503 745 tennis-court
P0232__1__502___0 0.653 227 614 153 568 252 411 326 457 tennis-court
P0232__1__502___0 0.657 612 1031 538 985 637 828 711 874 tennis-court
P0232__1__502___0 0.661 371 277 362 236 382 232 391 273 small-vehicle
P0232__1__502___0 0.691 348 264 341 229 359 225 366 260 small-vehicle
P0232__1__502___0 0.705 266 239 249 203 267 194 284 230 small-vehicle
P0232__1__502___0 0.708 509 967 435 920 534 762 608 809 tennis-court
P0232__1__502___0 0.722 10 479 -63 432 35 274 109 321 tennis-court
P0232__1__502___0 0.724 113 543 40 496 138 340 211 387 tennis-court
P0232__1__502___0 0.724 322 249 309 215 327 208 340 242 small-vehicle
P0232__1__502___0 0.737 396 287 391 250 409 248 414 285 small-vehicle
P0232__1__502___0 0.741 461 320 442 319 444 279 463 280 small-vehicle
P0232__1__502___0 0.747 421 305 418 268 436 266 439 303 small-vehicle
P0232__1__502___0 0.751 482 332 465 332 465 299 482 299 small-vehicle
P0232__1__502___0 0.753 498 351 480 347 489 308 507 312 small-vehicle
P0232__1__502___0 0.771 296 242 280 207 299 199 315 234 small-vehicle
