P0236__1__0___0 0.296 1045 333 944 296 984 188 1085 225 baseball-diamond
P0236__1__0___0 0.301 708 1071 644 1048 675 962 739 985 swimming-pool
P0236__1__0___0 0.390 876 851 843 846 855 764 888 769 tennis-court
P0236__1__0___0 0.396 15 113 7 109 16 92 24 96 small-vehicle
P0236__1__0___0 0.426 978 495 970 396 1015 392 1023 491 tennis-court
P0236__1__0___0 0.455 1014 845 974 821 1023 740 1063 764 tennis-court
P0236__1__0___0 0.517 260 59 243 50 259 20 276 29 swimming-pool
P0236__1__0___0 0.544 903 736 846 732 854 621 911 625 basketball-court
P0236__1__0___0 0.554 545 1042 438 1035 448 901 555 908 swimming-pool
P0236__1__0___0 0.584 751 837 749 828 770 826 772 835 small-vehicle
P0236__1__0___0 0.608 802 735 757 734 761 640 806 641 tennis-court
P0236__1__0___0 0.610 752 852 751 843 771 839 772 848 small-vehicle
P0236__1__0___0 0.661 551 751 507 747 516 656 560 660 tennis-court
P0236__1__0___0 0.665 1003 491 995 398 1038 394 1046 487 tennis-court
P0236__1__0___0 0.665 580 544 573 452 617 449 624 541 tennis-court
P0236__1__0___0 0.665 746 734 702 733 705 641 749 642 tennis-court
P0236__1__0___0 0.667 438 753 394 752 395 660 439 661 tennis-court
P0236__1__0___0 0.667 893 503 885 410 930 406 938 499 tennis-court
P0236__1__0___0 0.668 716 518 709 426 753 423 760 515 tennis-court
P0236__1__0___0 0.670 772 512 764 421 807 417 815 508 tennis-court
P0236__1__0___0 0.672 950 498 942 405 985 401 993 494 tennis-court
P0236__1__0___0 0.675 608 758 563 754 571 661 616 665 tennis-court
P0236__1__0___0 0.681 383 754 339 753 340 661 384 662 tennis-court
P0236__1__0___426 0.256 459 997 450 996 450 978 459 979 small-vehicle
P0236__1__0___426 0.274 369 922 361 922 362 907 370 907 small-vehicle
P0236__1__0___426 0.287 598 1002 590 1002 591 985 599 985 small-vehicle
P0236__1__0___426 0.344 588 931 579 931 579 912 588 912 small-vehicle
P0236__1__0___426 0.363 331 943 323 942 324 926 332 927 small-vehicle
P0236__1__0___426 0.380 327 920 319 920 320 903 328 903 small-vehicle
P0236__1__0___426 0.404 877 424 842 419 854 339 889 344 tennis-court
P0236__1__0___426 0.422 1014 417 973 393 1023 310 1064 334 tennis-court
P0236__1__0___426 0.424 339 944 330 943 330 925 339 926 small-vehicle
P0236__1__0___426 0.428 347 921 338 920 338 902 347 903 small-vehicle
P0236__1__0___426 0.458 336 919 328 919 329 902 337 902 small-vehicle
P0236__1__0___426 0.459 601 952 593 951 594 933 602 934 small-vehicle
P0236__1__0___426 0.481 1000 66 993 -27 1037 -30 1044 63 tennis-court
P0236__1__0___426 0.511 490 876 481 876 481 859 490 859 small-vehicle
P0236__1__0___426 0.517 377 924 368 924 368 907 377 907 small-vehicle
P0236__1__0___426 0.536 753 426 751 417 770 413 772 422 small-vehicle
P0236__1__0___426 0.539 488 999 479 999 479 980 488 980 small-vehicle
P0236__1__0___426 0.552 469 1000 459 1000 460 979 470 979 small-vehicle
P0236__1__0___426 0.564 693 688 637 666 682 547 738 569 swimming-pool
P0236__1__0___426 0.565 903 312 846 307 856 195 913 200 basketball-court
P0236__1__0___426 0.582 752 411 750 401 769 398 771 408 small-vehicle
P0236__1__0___426 0.596 949 72 941 -22 986 -26 994 68 tennis-court
P0236__1__0___426 0.604 558 930 549 930 551 911 560 911 small-vehicle
P0236__1__0___426 0.641 839 768 796 757 818 667 861 678 tennis-court
P0236__1__0___426 0.644 716 92 709 0 753 -2 760 89 tennis-court
P0236__1__0___426 0.649 893 77 885 -15 930 -19 938 73 tennis-court
P0236__1__0___426 0.651 772 87 764 -5 807 -9 815 83 tennis-court
P0236__1__0___426 0.652 350 944 341 944 341 925 350 925 small-vehicle
P0236__1__0___426 0.657 581 118 573 27 616 23 624 114 tennis-court
P0236__1__0___426 0.661 516 751 410 743 415 672 521 680 swimming-pool
P0236__1__0___426 0.663 551 325 507 321 516 230 560 234 tennis-court
P0236__1__0___426 0.664 893 780 850 770 870 679 913 689 tennis-court
P0236__1__0___426 0.667 544 667 432 659 445 474 557 482 swimming-pool
P0236__1__0___426 0.669 382 327 338 326 341 234 385 235 tennis-court
P0236__1__0___426 0.672 746 308 702 306 705 213 749 215 tennis-court
P0236__1__0___426 0.672 607 332 563 328 572 235 616 239 tennis-court
P0236__1__0___426 0.676 801 309 757 307 762 214 806 216 tennis-court
P0236__1__0___426 0.699 439 327 395 326 396 234 440 235 tennis-court
P0236__1__289___0 0.322 421 1069 359 1047 388 966 450 988 swimming-pool
P0236__1__289___0 0.349 19 954 -41 950 -35 825 25 829 tennis-court
P0236__1__289___0 0.369 817 318 709 291 734 191 842 218 baseball-diamond
P0236__1__289___0 0.370 982 948 974 944 981 927 989 931 small-vehicle
P0236__1__289___0 0.385 851 46 748 14 776 -76 879 -44 baseball-diamond
P0236__1__289___0 0.410 588 850 553 845 565 763 600 768 tennis-court
P0236__1__289___0 0.419 928 1024 920 1021 927 1005 935 1008 small-vehicle
P0236__1__289___0 0.521 614 736 557 732 565 621 622 625 basketball-court
P0236__1__289___0 0.551 258 1043 149 1035 159 900 268 908 swimming-pool
P0236__1__289___0 0.559 462 838 460 829 481 825 483 834 small-vehicle
P0236__1__289___0 0.593 465 852 463 843 482 839 484 848 small-vehicle
P0236__1__289___0 0.637 798 869 760 847 807 766 845 788 tennis-court
P0236__1__289___0 0.637 825 724 787 703 832 623 870 644 tennis-court
P0236__1__289___0 0.640 512 735 468 734 471 640 515 641 tennis-court
P0236__1__289___0 0.647 261 752 217 748 226 657 270 661 tennis-court
P0236__1__289___0 0.658 292 544 284 453 327 449 335 540 tennis-court
P0236__1__289___0 0.660 149 753 105 752 106 660 150 661 tennis-court
P0236__1__289___0 0.662 457 734 413 733 416 641 460 642 tennis-court
P0236__1__289___0 0.663 779 700 741 678 788 599 826 621 tennis-court
P0236__1__289___0 0.666 603 503 595 410 640 406 648 499 tennis-court
P0236__1__289___0 0.667 870 752 831 730 877 647 916 669 tennis-court
P0236__1__289___0 0.669 483 512 475 421 518 417 526 508 tennis-court
P0236__1__289___0 0.671 661 497 653 404 696 400 704 493 tennis-court
P0236__1__289___0 0.672 94 753 50 752 51 660 95 661 tennis-court
P0236__1__289___0 0.676 319 758 274 754 282 661 327 665 tennis-court
P0236__1__289___0 0.677 427 518 420 426 464 423 471 515 tennis-court
P0236__1__289___0 0.680 718 492 710 399 753 395 761 488 tennis-court
P0236__1__289___0 0.683 752 843 714 821 761 740 799 762 tennis-court
P0236__1__289___426 0.273 881 737 873 734 882 716 890 719 small-vehicle
P0236__1__289___426 0.296 80 922 72 921 73 907 81 908 small-vehicle
P0236__1__289___426 0.304 20 530 -39 528 -34 405 25 407 tennis-court
P0236__1__289___426 0.309 983 520 975 517 982 501 990 504 small-vehicle
P0236__1__289___426 0.330 41 943 33 942 34 926 42 927 small-vehicle
P0236__1__289___426 0.343 737 952 729 948 738 931 746 935 small-vehicle
P0236__1__289___426 0.353 38 920 30 920 31 903 39 903 small-vehicle
P0236__1__289___426 0.400 590 424 554 419 565 339 601 344 tennis-court
P0236__1__289___426 0.406 298 931 290 931 291 912 299 912 small-vehicle
P0236__1__289___426 0.416 311 953 303 952 304 934 312 935 small-vehicle
P0236__1__289___426 0.429 875 686 867 683 874 665 882 668 small-vehicle
P0236__1__289___426 0.438 871 722 863 718 872 699 880 703 small-vehicle
P0236__1__289___426 0.474 927 599 919 595 926 578 934 582 small-vehicle
P0236__1__289___426 0.474 49 944 41 943 42 925 50 926 small-vehicle
P0236__1__289___426 0.483 47 919 39 919 40 902 48 902 small-vehicle
P0236__1__289___426 0.486 56 920 48 920 49 903 57 903 small-vehicle
P0236__1__289___426 0.509 464 426 462 417 481 413 483 422 small-vehicle
P0236__1__289___426 0.509 87 924 79 924 80 907 88 907 small-vehicle
P0236__1__289___426 0.539 717 65 710 -25 754 -29 761 61 tennis-court
P0236__1__289___426 0.542 201 876 193 876 194 859 202 859 small-vehicle
P0236__1__289___426 0.554 199 999 190 999 190 980 199 980 small-vehicle
P0236__1__289___426 0.554 614 312 557 308 565 195 622 199 basketball-court
P0236__1__289___426 0.564 61 944 52 944 52 925 61 925 small-vehicle
P0236__1__289___426 0.566 180 1000 170 1000 171 979 181 979 small-vehicle
P0236__1__289___426 0.571 404 688 347 666 393 547 450 569 swimming-pool
P0236__1__289___426 0.584 780 274 742 252 789 171 827 193 tennis-court
P0236__1__289___426 0.592 270 931 261 930 261 910 270 911 small-vehicle
P0236__1__289___426 0.594 462 411 461 403 481 400 482 408 small-vehicle
P0236__1__289___426 0.618 659 71 651 -21 696 -25 704 67 tennis-court
P0236__1__289___426 0.630 906 879 897 874 907 856 916 861 small-vehicle
P0236__1__289___426 0.635 837 787 829 783 838 766 846 770 small-vehicle
P0236__1__289___426 0.638 825 299 787 278 832 196 870 217 tennis-court
P0236__1__289___426 0.642 483 86 475 -4 518 -8 526 82 tennis-court
P0236__1__289___426 0.646 550 768 507 757 529 667 572 678 tennis-court
P0236__1__289___426 0.647 604 780 561 770 581 679 624 689 tennis-court
P0236__1__289___426 0.648 870 325 832 303 877 222 915 244 tennis-court
P0236__1__289___426 0.653 261 325 217 321 226 230 270 234 tennis-court
P0236__1__289___426 0.658 292 118 284 27 327 23 335 114 tennis-court
P0236__1__289___426 0.658 226 751 122 743 127 672 231 680 swimming-pool
P0236__1__289___426 0.659 255 666 143 658 156 473 268 481 swimming-pool
P0236__1__289___426 0.661 318 332 274 328 283 235 327 239 tennis-court
P0236__1__289___426 0.662 427 92 420 0 464 -2 471 89 tennis-court
P0236__1__289___426 0.663 751 418 713 396 760 315 798 337 tennis-court
P0236__1__289___426 0.671 457 307 413 306 416 214 460 215 tennis-court
P0236__1__289___426 0.673 93 327 49 326 52 234 96 235 tennis-court
P0236__1__289___426 0.677 512 309 468 307 471 214 515 216 tennis-court
P0236__1__289___426 0.677 798 443 760 421 807 340 845 362 tennis-court
P0236__1__289___426 0.680 603 77 595 -15 640 -19 648 73 tennis-court
P0236__1__289___426 0.692 149 327 105 326 106 234 150 235 tennis-court
