P0238__1__0___0 0.625 239 15 207 9 210 -9 242 -3 small-vehicle
P0238__1__0___0 0.653 401 1118 382 938 470 929 489 1109 tennis-court
P0238__1__0___0 0.660 675 1088 660 909 746 901 761 1080 tennis-court
P0238__1__0___0 0.663 539 1104 520 923 606 915 625 1096 tennis-court
P0238__1__0___0 0.686 337 532 315 352 400 341 422 521 tennis-court
P0238__1__0___0 0.687 370 826 348 647 433 637 455 816 tennis-court
P0238__1__0___0 0.689 474 517 452 337 537 326 559 506 tennis-court
P0238__1__0___0 0.696 644 795 625 615 711 606 730 786 tennis-court
P0238__1__0___0 0.698 506 810 487 629 573 621 592 802 tennis-court
P0238__1__0___0 0.712 612 502 590 322 675 311 697 491 tennis-court
P0238__1__35___403 0.635 367 716 349 537 434 529 452 708 tennis-court
P0238__1__35___403 0.660 437 112 418 -66 504 -74 523 104 tennis-court
P0238__1__35___403 0.661 642 686 623 506 709 497 728 677 tennis-court
P0238__1__35___403 0.664 300 127 282 -49 367 -57 385 119 tennis-court
P0238__1__35___403 0.664 578 97 557 -79 641 -89 662 87 tennis-court
P0238__1__35___403 0.675 506 703 484 522 569 512 591 693 tennis-court
P0238__1__35___403 0.692 335 423 313 244 398 234 420 413 tennis-court
P0238__1__35___403 0.699 610 391 589 214 673 204 694 381 tennis-court
P0238__1__35___403 0.709 471 407 452 227 538 218 557 398 tennis-court
P0238__1__35___403 0.710 708 963 691 931 707 922 724 954 small-vehicle
P0238__1__35___403 0.762 689 976 670 944 686 935 705 967 small-vehicle
