P0235__1__0___0 0.416 985 583 942 364 1046 344 1089 563 tennis-court
P0235__1__0___0 0.549 620 379 609 331 629 326 640 374 small-vehicle
P0235__1__0___0 0.611 505 400 498 365 516 361 523 396 small-vehicle
P0235__1__0___0 0.624 282 200 275 158 293 155 300 197 small-vehicle
P0235__1__0___0 0.641 722 638 683 435 779 417 818 620 tennis-court
P0235__1__0___0 0.643 442 317 436 279 455 276 461 314 small-vehicle
P0235__1__0___0 0.646 665 367 657 324 678 320 686 363 small-vehicle
P0235__1__0___0 0.659 523 302 515 261 534 257 542 298 small-vehicle
P0235__1__0___0 0.660 211 205 203 166 220 162 228 201 small-vehicle
P0235__1__0___0 0.662 339 287 330 248 348 244 357 283 small-vehicle
P0235__1__0___0 0.679 463 413 452 374 468 370 479 409 small-vehicle
P0235__1__0___0 0.687 161 369 154 325 172 322 179 366 small-vehicle
P0235__1__0___0 0.688 321 333 315 299 332 296 338 330 small-vehicle
P0235__1__0___0 0.688 258 200 250 159 267 155 275 196 small-vehicle
P0235__1__0___0 0.692 255 348 247 309 264 305 272 344 small-vehicle
P0235__1__0___0 0.694 297 446 287 403 306 399 316 442 small-vehicle
P0235__1__0___0 0.695 86 478 80 438 99 435 105 475 small-vehicle
P0235__1__0___0 0.698 476 689 437 486 533 468 572 671 tennis-court
P0235__1__0___0 0.700 81 335 77 296 94 294 98 333 small-vehicle
P0235__1__0___0 0.700 350 712 315 511 411 495 446 696 tennis-court
P0235__1__0___0 0.702 184 356 175 317 193 313 202 352 small-vehicle
P0235__1__0___0 0.708 230 739 191 537 287 518 326 720 tennis-court
P0235__1__0___0 0.711 59 475 55 436 74 434 78 473 small-vehicle
P0235__1__0___0 0.712 227 458 217 412 236 407 246 453 small-vehicle
P0235__1__0___0 0.712 291 297 283 256 302 252 310 293 small-vehicle
P0235__1__0___0 0.714 599 661 560 460 656 442 695 643 tennis-court
P0235__1__0___0 0.717 845 611 806 410 902 392 941 593 tennis-court
P0235__1__0___0 0.722 182 470 174 426 193 423 201 467 small-vehicle
P0235__1__0___0 0.727 349 330 339 293 356 289 366 326 small-vehicle
P0235__1__0___0 0.728 389 426 383 390 400 387 406 423 small-vehicle
P0235__1__0___0 0.729 223 307 212 265 230 260 241 302 small-vehicle
P0235__1__0___0 0.734 134 476 127 436 145 433 152 473 small-vehicle
P0235__1__0___0 0.734 416 423 409 384 427 380 434 419 small-vehicle
P0235__1__0___0 0.735 250 454 240 410 259 405 269 449 small-vehicle
P0235__1__0___0 0.737 158 470 151 430 171 427 178 467 small-vehicle
P0235__1__0___0 0.740 233 353 222 310 240 306 251 349 small-vehicle
P0235__1__0___0 0.745 279 347 270 305 288 302 297 344 small-vehicle
P0235__1__0___0 0.746 246 303 236 262 253 258 263 299 small-vehicle
P0235__1__0___0 0.748 365 432 358 390 376 387 383 429 small-vehicle
P0235__1__0___0 0.751 342 436 335 394 355 391 362 433 small-vehicle
P0235__1__0___0 0.757 204 466 197 426 215 423 222 463 small-vehicle
P0235__1__0___0 0.767 107 477 104 440 122 438 125 475 small-vehicle
P0235__1__0___0 0.770 175 313 167 278 184 274 192 309 small-vehicle
P0235__1__0___0 0.770 495 303 489 263 508 260 514 300 small-vehicle
P0235__1__0___0 0.772 188 209 179 170 195 166 204 205 small-vehicle
P0235__1__0___0 0.781 319 442 312 400 332 397 339 439 small-vehicle
P0235__1__0___0 0.807 441 417 432 377 450 372 459 412 small-vehicle
P0235__1__1439___0 0.281 19 268 5 268 6 239 20 239 small-vehicle
P0235__1__1439___0 0.406 -58 456 -70 403 42 377 54 430 tennis-court
P0235__1__1439___0 0.553 -58 564 -68 512 44 491 54 543 tennis-court
P0235__1__1439___0 0.688 352 457 313 256 409 238 448 439 tennis-court
P0235__1__1439___0 0.712 600 406 557 205 653 185 696 386 tennis-court
P0235__1__1439___0 0.716 477 433 434 230 530 210 573 413 tennis-court
P0235__1__1439___0 0.734 230 486 190 282 287 263 327 467 tennis-court
P0235__1__824___0 0.269 634 265 633 239 645 238 646 264 small-vehicle
P0235__1__824___0 0.338 -40 633 -81 437 8 418 49 614 tennis-court
P0235__1__824___0 0.654 528 455 518 401 633 378 643 432 tennis-court
P0235__1__824___0 0.661 550 565 539 512 653 490 664 543 tennis-court
P0235__1__824___0 0.712 363 541 324 340 420 322 459 523 tennis-court
P0235__1__824___0 0.716 231 569 192 367 288 348 327 550 tennis-court
P0235__1__824___0 0.721 21 612 -17 410 78 391 117 593 tennis-court
P0235__1__824___0 0.732 968 459 929 256 1025 238 1064 441 tennis-court
P0235__1__824___0 0.738 847 486 804 283 900 263 943 466 tennis-court
