P0248__1__0___0 0.322 589 260 579 258 584 229 594 231 small-vehicle
P0248__1__0___0 0.344 290 54 279 52 283 25 294 27 large-vehicle
P0248__1__0___0 0.412 384 325 374 324 377 300 387 301 small-vehicle
P0248__1__0___0 0.427 263 416 228 410 230 399 265 405 large-vehicle
P0248__1__0___0 0.482 137 315 118 312 120 304 139 307 small-vehicle
P0248__1__0___0 0.542 160 191 137 187 139 176 162 180 small-vehicle
P0248__1__0___0 0.543 74 327 53 323 55 314 76 318 small-vehicle
P0248__1__0___0 0.549 122 375 102 373 103 364 123 366 small-vehicle
P0248__1__0___0 0.554 304 59 292 58 295 26 307 27 large-vehicle
P0248__1__0___0 0.557 275 58 263 56 268 25 280 27 large-vehicle
P0248__1__0___0 0.563 69 345 49 343 50 334 70 336 small-vehicle
P0248__1__0___0 0.572 103 446 84 442 86 433 105 437 small-vehicle
P0248__1__0___0 0.588 162 400 144 399 145 391 163 392 small-vehicle
P0248__1__0___0 0.604 185 284 162 282 164 271 187 273 small-vehicle
P0248__1__0___0 0.607 66 376 45 373 47 363 68 366 small-vehicle
P0248__1__0___0 0.615 81 293 63 291 64 282 82 284 small-vehicle
P0248__1__0___0 0.618 560 319 532 314 539 272 567 277 plane
P0248__1__0___0 0.623 98 463 79 459 81 450 100 454 small-vehicle
P0248__1__0___0 0.626 178 305 160 303 161 294 179 296 small-vehicle
P0248__1__0___0 0.627 70 336 51 334 53 325 72 327 small-vehicle
P0248__1__0___0 0.629 198 53 196 35 205 34 207 52 small-vehicle
P0248__1__0___0 0.637 143 269 124 266 126 256 145 259 small-vehicle
P0248__1__0___0 0.638 113 396 94 394 96 385 115 387 small-vehicle
P0248__1__0___0 0.639 91 248 72 247 72 237 91 238 small-vehicle
P0248__1__0___0 0.646 176 58 174 38 183 37 185 57 small-vehicle
P0248__1__0___0 0.649 70 358 47 357 47 347 70 348 small-vehicle
P0248__1__0___0 0.650 353 43 312 31 320 4 361 16 plane
P0248__1__0___0 0.654 475 299 452 295 458 262 481 266 plane
P0248__1__0___0 0.656 212 180 192 177 193 167 213 170 small-vehicle
P0248__1__0___0 0.659 189 257 170 254 172 244 191 247 small-vehicle
P0248__1__0___0 0.660 140 288 121 284 123 275 142 279 small-vehicle
P0248__1__0___0 0.663 129 903 90 898 94 872 133 877 plane
P0248__1__0___0 0.673 136 306 118 304 119 295 137 297 small-vehicle
P0248__1__0___0 0.678 551 365 523 359 532 316 560 322 plane
P0248__1__0___0 0.678 191 237 170 234 172 224 193 227 small-vehicle
P0248__1__0___0 0.680 568 274 540 269 547 227 575 232 plane
P0248__1__0___0 0.681 213 167 193 164 194 154 214 157 small-vehicle
P0248__1__0___0 0.684 107 149 88 146 90 136 109 139 small-vehicle
P0248__1__0___0 0.687 494 345 470 305 495 290 519 330 plane
P0248__1__0___0 0.687 578 229 550 225 557 184 585 188 plane
P0248__1__0___0 0.692 86 280 67 277 69 267 88 270 small-vehicle
P0248__1__0___0 0.693 89 268 66 265 68 255 91 258 small-vehicle
P0248__1__0___0 0.696 214 919 174 911 179 884 219 892 plane
P0248__1__0___0 0.711 393 954 352 945 358 915 399 924 plane
P0248__1__0___0 0.713 115 120 95 116 96 105 116 109 small-vehicle
P0248__1__0___0 0.770 261 927 216 919 222 886 267 894 plane
P0248__1__0___0 0.809 348 944 307 935 313 903 354 912 plane
P0248__1__0___80 0.307 588 180 578 178 583 149 593 151 small-vehicle
P0248__1__0___80 0.396 263 336 228 330 230 319 265 325 large-vehicle
P0248__1__0___80 0.457 384 245 373 244 377 220 388 221 small-vehicle
P0248__1__0___80 0.486 137 235 118 233 120 224 139 226 small-vehicle
P0248__1__0___80 0.555 74 247 53 243 55 234 76 238 small-vehicle
P0248__1__0___80 0.563 121 295 101 293 102 284 122 286 small-vehicle
P0248__1__0___80 0.565 103 365 84 361 86 352 105 356 small-vehicle
P0248__1__0___80 0.572 69 265 49 263 50 254 70 256 small-vehicle
P0248__1__0___80 0.576 160 111 137 106 139 96 162 101 small-vehicle
P0248__1__0___80 0.610 186 204 162 201 163 191 187 194 small-vehicle
P0248__1__0___80 0.615 162 321 144 319 145 310 163 312 small-vehicle
P0248__1__0___80 0.617 70 256 51 253 53 245 72 248 small-vehicle
P0248__1__0___80 0.623 560 239 532 234 539 192 567 197 plane
P0248__1__0___80 0.627 81 213 63 211 64 202 82 204 small-vehicle
P0248__1__0___80 0.629 66 296 45 293 47 283 68 286 small-vehicle
P0248__1__0___80 0.632 98 383 79 379 81 370 100 374 small-vehicle
P0248__1__0___80 0.637 143 188 124 184 126 175 145 179 small-vehicle
P0248__1__0___80 0.647 113 316 95 314 96 305 114 307 small-vehicle
P0248__1__0___80 0.647 178 224 160 222 161 213 179 215 small-vehicle
P0248__1__0___80 0.649 90 168 72 166 73 157 91 159 small-vehicle
P0248__1__0___80 0.658 475 218 452 214 458 181 481 185 plane
P0248__1__0___80 0.662 70 278 47 277 47 267 70 268 small-vehicle
P0248__1__0___80 0.664 188 177 169 174 171 164 190 167 small-vehicle
P0248__1__0___80 0.665 129 823 90 818 94 792 133 797 plane
P0248__1__0___80 0.668 140 208 121 204 123 195 142 199 small-vehicle
P0248__1__0___80 0.677 136 226 118 224 119 215 137 217 small-vehicle
P0248__1__0___80 0.677 212 100 192 97 193 87 213 90 small-vehicle
P0248__1__0___80 0.679 551 285 524 279 534 236 561 242 plane
P0248__1__0___80 0.680 108 69 89 66 91 56 110 59 small-vehicle
P0248__1__0___80 0.680 568 193 540 189 547 148 575 152 plane
P0248__1__0___80 0.683 494 265 470 225 495 210 519 250 plane
P0248__1__0___80 0.686 191 157 170 154 172 144 193 147 small-vehicle
P0248__1__0___80 0.688 212 87 193 84 195 74 214 77 small-vehicle
P0248__1__0___80 0.688 214 839 174 831 179 804 219 812 plane
P0248__1__0___80 0.688 578 150 550 145 557 103 585 108 plane
P0248__1__0___80 0.693 89 188 66 184 68 175 91 179 small-vehicle
P0248__1__0___80 0.694 115 39 95 36 96 26 116 29 small-vehicle
P0248__1__0___80 0.698 86 200 67 197 69 187 88 190 small-vehicle
P0248__1__0___80 0.701 393 874 352 864 358 835 399 845 plane
P0248__1__0___80 0.760 262 848 217 840 223 807 268 815 plane
P0248__1__0___80 0.806 347 865 306 856 314 824 355 833 plane
