P0241__1__0___0 0.669 280 813 269 797 299 776 310 792 small-vehicle
P0241__1__0___0 0.671 426 398 373 327 523 215 576 286 tennis-court
P0241__1__0___0 0.674 655 706 603 637 752 525 804 594 tennis-court
P0241__1__0___0 0.676 508 964 456 893 607 783 659 854 tennis-court
P0241__1__0___0 0.679 497 495 445 425 596 312 648 382 tennis-court
P0241__1__0___0 0.682 438 867 387 797 537 688 588 758 tennis-court
P0241__1__0___0 0.682 366 771 314 700 465 590 517 661 tennis-court
P0241__1__0___0 0.683 584 611 532 539 683 430 735 502 tennis-court
P0241__1__0___0 0.683 709 910 692 885 706 875 723 900 small-vehicle
P0241__1__0___0 0.687 208 559 156 489 307 376 359 446 tennis-court
P0241__1__0___0 0.691 726 802 675 731 825 623 876 694 tennis-court
P0241__1__0___0 0.693 278 654 227 583 379 473 430 544 tennis-court
P0241__1__0___0 0.716 790 859 763 823 779 812 806 848 small-vehicle
P0241__1__0___0 0.719 929 881 906 847 922 836 945 870 small-vehicle
P0241__1__0___142 0.298 92 1154 -153 1101 -104 873 141 926 baseball-diamond
P0241__1__0___142 0.660 655 565 603 496 752 384 804 453 tennis-court
P0241__1__0___142 0.660 366 630 314 559 465 449 517 520 tennis-court
P0241__1__0___142 0.669 427 256 374 185 524 73 577 144 tennis-court
P0241__1__0___142 0.669 508 822 456 750 607 641 659 713 tennis-court
P0241__1__0___142 0.672 438 725 387 655 537 546 588 616 tennis-court
P0241__1__0___142 0.677 790 717 764 681 779 670 805 706 small-vehicle
P0241__1__0___142 0.683 498 352 446 283 595 171 647 240 tennis-court
P0241__1__0___142 0.688 725 661 674 590 824 482 875 553 tennis-court
P0241__1__0___142 0.690 583 468 532 397 682 289 733 360 tennis-court
P0241__1__0___142 0.691 209 416 157 347 306 235 358 304 tennis-court
P0241__1__0___142 0.696 280 512 228 441 379 331 431 402 tennis-court
P0241__1__0___142 0.704 709 769 692 742 706 732 723 759 small-vehicle
P0241__1__0___142 0.706 280 671 269 655 299 634 310 650 small-vehicle
P0241__1__0___142 0.709 929 740 906 706 922 695 945 729 small-vehicle
P0241__1__0___142 0.727 681 931 657 898 674 886 698 919 small-vehicle
P0241__1__61___0 0.643 978 789 971 772 1007 756 1014 773 small-vehicle
P0241__1__61___0 0.652 219 813 208 797 238 776 249 792 small-vehicle
P0241__1__61___0 0.667 217 654 166 583 318 473 369 544 tennis-court
P0241__1__61___0 0.671 522 610 471 540 621 431 672 501 tennis-court
P0241__1__61___0 0.672 365 398 312 327 462 215 515 286 tennis-court
P0241__1__61___0 0.679 437 495 384 425 534 312 587 382 tennis-court
P0241__1__61___0 0.679 447 964 395 892 546 783 598 855 tennis-court
P0241__1__61___0 0.680 377 868 325 796 476 687 528 759 tennis-court
P0241__1__61___0 0.680 593 706 542 636 692 527 743 597 tennis-court
P0241__1__61___0 0.682 305 771 253 699 404 590 456 662 tennis-court
P0241__1__61___0 0.688 648 911 631 886 645 876 662 901 small-vehicle
P0241__1__61___0 0.689 664 802 613 731 763 623 814 694 tennis-court
P0241__1__61___0 0.689 148 559 95 489 245 376 298 446 tennis-court
P0241__1__61___0 0.703 729 858 702 822 718 811 745 847 small-vehicle
P0241__1__61___0 0.730 868 883 844 848 861 836 885 871 small-vehicle
P0241__1__61___142 0.591 979 648 971 631 1006 615 1014 632 small-vehicle
P0241__1__61___142 0.648 447 822 395 750 546 641 598 713 tennis-court
P0241__1__61___142 0.648 648 768 631 742 645 733 662 759 small-vehicle
P0241__1__61___142 0.664 593 564 542 494 692 385 743 455 tennis-court
P0241__1__61___142 0.669 306 630 254 558 405 449 457 521 tennis-court
P0241__1__61___142 0.678 377 725 326 655 476 546 527 616 tennis-court
P0241__1__61___142 0.679 868 741 844 706 861 694 885 729 small-vehicle
P0241__1__61___142 0.680 218 513 166 442 317 332 369 403 tennis-court
P0241__1__61___142 0.681 522 469 470 398 621 288 673 359 tennis-court
P0241__1__61___142 0.682 436 351 384 280 535 170 587 241 tennis-court
P0241__1__61___142 0.685 664 660 613 590 763 481 814 551 tennis-court
P0241__1__61___142 0.685 367 256 314 188 462 73 515 141 tennis-court
P0241__1__61___142 0.692 219 670 209 655 238 635 248 650 small-vehicle
P0241__1__61___142 0.693 148 416 96 345 247 235 299 306 tennis-court
P0241__1__61___142 0.703 729 716 703 680 718 669 744 705 small-vehicle
P0241__1__61___142 0.731 621 932 597 899 614 887 638 920 small-vehicle
