P0244__1__0___0 0.321 383 705 371 636 402 630 414 699 small-vehicle
P0244__1__0___0 0.386 852 168 814 126 835 107 873 149 small-vehicle
P0244__1__0___0 0.387 724 601 718 579 769 566 775 588 small-vehicle
P0244__1__0___0 0.393 661 194 656 163 744 147 749 178 large-vehicle
P0244__1__0___0 0.425 730 647 725 621 787 608 792 634 large-vehicle
P0244__1__0___0 0.444 788 419 758 382 875 288 905 325 large-vehicle
P0244__1__0___0 0.475 827 265 823 242 968 214 972 237 large-vehicle
P0244__1__0___0 0.481 879 537 875 513 1030 486 1034 510 large-vehicle
P0244__1__0___0 0.491 31 919 26 895 164 868 169 892 large-vehicle
P0244__1__0___0 0.509 976 581 971 558 1061 538 1066 561 large-vehicle
P0244__1__0___0 0.533 191 887 187 865 346 834 350 856 large-vehicle
P0244__1__0___0 0.535 869 395 864 371 996 348 1001 372 large-vehicle
P0244__1__0___0 0.537 852 764 835 684 859 679 876 759 large-vehicle
P0244__1__0___0 0.565 423 727 405 654 428 648 446 721 large-vehicle
P0244__1__0___0 0.566 643 721 639 700 704 686 708 707 large-vehicle
P0244__1__0___0 0.580 482 432 479 411 521 405 524 426 small-vehicle
P0244__1__0___0 0.583 562 299 559 279 617 270 620 290 large-vehicle
P0244__1__0___0 0.584 932 732 920 676 945 671 957 727 small-vehicle
P0244__1__0___0 0.593 632 697 627 677 695 660 700 680 large-vehicle
P0244__1__0___0 0.615 487 454 483 433 528 425 532 446 small-vehicle
P0244__1__0___0 0.618 36 815 32 794 105 780 109 801 large-vehicle
P0244__1__0___0 0.645 682 346 677 316 731 307 736 337 small-vehicle
P0244__1__0___0 0.653 878 748 867 690 893 685 904 743 small-vehicle
P0244__1__0___0 0.654 636 750 631 729 703 713 708 734 large-vehicle
P0244__1__0___0 0.656 643 782 640 759 712 749 715 772 large-vehicle
P0244__1__0___0 0.661 906 739 893 682 919 676 932 733 small-vehicle
P0244__1__179___0 0.279 97 714 84 655 104 651 117 710 large-vehicle
P0244__1__179___0 0.315 960 935 954 902 975 898 981 931 small-vehicle
P0244__1__179___0 0.333 672 168 635 126 657 107 694 149 large-vehicle
P0244__1__179___0 0.349 939 935 934 909 952 906 957 932 small-vehicle
P0244__1__179___0 0.371 547 602 540 580 590 565 597 587 small-vehicle
P0244__1__179___0 0.393 204 704 192 636 223 631 235 699 large-vehicle
P0244__1__179___0 0.408 551 647 546 621 608 608 613 634 large-vehicle
P0244__1__179___0 0.425 648 264 644 241 787 213 791 236 large-vehicle
P0244__1__179___0 0.499 464 719 460 698 525 686 529 707 large-vehicle
P0244__1__179___0 0.501 690 396 686 370 817 347 821 373 large-vehicle
P0244__1__179___0 0.505 482 193 477 164 565 148 570 177 large-vehicle
P0244__1__179___0 0.506 382 299 379 279 437 270 440 290 large-vehicle
P0244__1__179___0 0.513 243 727 226 654 250 648 267 721 large-vehicle
P0244__1__179___0 0.521 673 765 656 683 680 678 697 760 large-vehicle
P0244__1__179___0 0.531 609 417 578 380 694 286 725 323 large-vehicle
P0244__1__179___0 0.537 14 886 9 865 165 835 170 856 large-vehicle
P0244__1__179___0 0.556 701 537 697 512 844 486 848 511 large-vehicle
P0244__1__179___0 0.562 753 732 741 674 766 669 778 727 small-vehicle
P0244__1__179___0 0.605 807 583 801 561 860 546 866 568 large-vehicle
P0244__1__179___0 0.605 303 432 300 412 342 405 345 425 small-vehicle
P0244__1__179___0 0.614 308 454 304 433 349 425 353 446 small-vehicle
P0244__1__179___0 0.639 454 698 449 677 517 659 522 680 large-vehicle
P0244__1__179___0 0.656 504 346 499 316 551 307 556 337 small-vehicle
P0244__1__179___0 0.658 728 739 715 682 741 676 754 733 small-vehicle
P0244__1__179___0 0.664 466 781 463 758 533 748 536 771 large-vehicle
P0244__1__179___0 0.665 700 747 689 690 715 686 726 743 small-vehicle
P0244__1__179___0 0.666 457 750 452 728 524 713 529 735 large-vehicle
