P0255__1__0___0 0.250 493 674 484 671 490 651 499 654 small-vehicle
P0255__1__0___0 0.258 919 167 910 163 918 144 927 148 small-vehicle
P0255__1__0___0 0.259 896 44 881 35 887 25 902 34 small-vehicle
P0255__1__0___0 0.261 265 894 257 891 264 873 272 876 small-vehicle
P0255__1__0___0 0.268 258 847 237 837 241 828 262 838 small-vehicle
P0255__1__0___0 0.270 291 208 281 204 288 187 298 191 small-vehicle
P0255__1__0___0 0.272 541 31 531 29 536 10 546 12 small-vehicle
P0255__1__0___0 0.276 550 727 542 724 549 706 557 709 large-vehicle
P0255__1__0___0 0.276 943 78 926 68 930 61 947 71 small-vehicle
P0255__1__0___0 0.277 807 58 798 54 806 35 815 39 small-vehicle
P0255__1__0___0 0.281 253 128 235 120 238 113 256 121 small-vehicle
P0255__1__0___0 0.284 947 151 931 142 936 134 952 143 small-vehicle
P0255__1__0___0 0.286 80 813 72 810 79 792 87 795 small-vehicle
P0255__1__0___0 0.288 676 684 657 673 663 665 682 676 small-vehicle
P0255__1__0___0 0.292 957 15 941 5 946 -3 962 6 small-vehicle
P0255__1__0___0 0.293 298 592 289 589 297 569 306 572 small-vehicle
P0255__1__0___0 0.297 298 262 289 258 297 237 306 241 small-vehicle
P0255__1__0___0 0.298 579 93 570 90 576 70 585 73 small-vehicle
P0255__1__0___0 0.303 474 905 451 900 453 890 476 895 large-vehicle
P0255__1__0___0 0.308 714 565 695 554 701 546 720 557 small-vehicle
P0255__1__0___0 0.314 275 251 267 248 274 230 282 233 small-vehicle
P0255__1__0___0 0.325 162 852 155 850 161 831 168 833 small-vehicle
P0255__1__0___0 0.327 350 605 347 589 355 588 358 604 small-vehicle
P0255__1__0___0 0.331 503 679 493 676 500 656 510 659 small-vehicle
P0255__1__0___0 0.332 366 806 326 788 347 743 387 761 helicopter
P0255__1__0___0 0.334 560 374 550 370 557 349 567 353 small-vehicle
P0255__1__0___0 0.335 229 836 210 828 214 819 233 827 small-vehicle
P0255__1__0___0 0.335 804 118 795 114 803 95 812 99 small-vehicle
P0255__1__0___0 0.336 318 227 309 223 317 202 326 206 small-vehicle
P0255__1__0___0 0.336 1009 138 972 114 988 91 1025 115 plane
P0255__1__0___0 0.340 250 10 242 6 249 -10 257 -6 small-vehicle
P0255__1__0___0 0.341 915 14 898 5 902 -2 919 6 small-vehicle
P0255__1__0___0 0.348 710 573 693 562 697 554 714 565 small-vehicle
P0255__1__0___0 0.349 783 46 774 42 782 23 791 27 small-vehicle
P0255__1__0___0 0.350 394 337 384 332 395 306 405 311 large-vehicle
P0255__1__0___0 0.350 426 26 417 23 423 3 432 6 small-vehicle
P0255__1__0___0 0.350 284 255 276 252 283 232 291 235 small-vehicle
P0255__1__0___0 0.351 262 519 253 515 261 496 270 500 small-vehicle
P0255__1__0___0 0.354 513 19 504 16 510 -1 519 1 small-vehicle
P0255__1__0___0 0.357 258 242 249 240 255 221 264 223 small-vehicle
P0255__1__0___0 0.359 962 128 945 117 949 109 966 120 small-vehicle
P0255__1__0___0 0.366 466 668 455 664 465 639 476 643 large-vehicle
P0255__1__0___0 0.366 923 69 908 58 914 50 929 61 small-vehicle
P0255__1__0___0 0.370 995 72 979 62 984 53 1000 63 small-vehicle
P0255__1__0___0 0.372 338 280 328 278 335 257 345 259 small-vehicle
P0255__1__0___0 0.374 128 137 119 134 125 118 134 121 small-vehicle
P0255__1__0___0 0.374 649 674 631 664 636 655 654 665 small-vehicle
P0255__1__0___0 0.379 -1 777 -10 774 -2 756 6 759 small-vehicle
P0255__1__0___0 0.381 588 1042 560 1024 579 995 607 1013 plane
P0255__1__0___0 0.383 565 703 556 700 562 680 571 683 small-vehicle
P0255__1__0___0 0.386 944 36 928 27 933 19 949 28 small-vehicle
P0255__1__0___0 0.387 705 583 688 572 692 564 709 575 small-vehicle
P0255__1__0___0 0.391 534 727 524 723 533 700 543 704 large-vehicle
P0255__1__0___0 0.392 675 631 655 621 660 612 680 622 small-vehicle
P0255__1__0___0 0.393 437 353 427 349 434 328 444 332 small-vehicle
P0255__1__0___0 0.396 168 306 156 286 165 281 177 301 small-vehicle
P0255__1__0___0 0.396 281 583 272 581 278 560 287 562 small-vehicle
P0255__1__0___0 0.397 504 379 494 376 501 356 511 359 small-vehicle
P0255__1__0___0 0.401 112 178 104 174 111 157 119 161 small-vehicle
P0255__1__0___0 0.403 406 18 397 15 403 0 412 2 small-vehicle
P0255__1__0___0 0.404 291 905 283 902 290 884 298 887 small-vehicle
P0255__1__0___0 0.404 669 641 649 631 654 622 674 632 small-vehicle
P0255__1__0___0 0.406 391 947 383 944 390 924 398 927 small-vehicle
P0255__1__0___0 0.406 289 619 280 616 286 596 295 599 small-vehicle
P0255__1__0___0 0.408 447 354 439 351 446 333 454 336 small-vehicle
P0255__1__0___0 0.409 166 54 156 50 163 29 173 33 small-vehicle
P0255__1__0___0 0.410 1010 46 992 35 997 27 1015 38 small-vehicle
P0255__1__0___0 0.411 882 27 866 17 871 10 887 20 small-vehicle
P0255__1__0___0 0.412 1023 21 1005 9 1010 0 1028 12 small-vehicle
P0255__1__0___0 0.413 486 855 483 845 509 836 512 846 large-vehicle
P0255__1__0___0 0.413 809 19 800 15 808 -3 817 0 small-vehicle
P0255__1__0___0 0.414 432 969 423 967 429 946 438 948 small-vehicle
P0255__1__0___0 0.414 299 215 291 212 298 194 306 197 small-vehicle
P0255__1__0___0 0.416 884 150 875 147 881 129 890 132 small-vehicle
P0255__1__0___0 0.418 936 96 919 86 923 79 940 89 small-vehicle
P0255__1__0___0 0.421 971 111 954 100 958 92 975 103 small-vehicle
P0255__1__0___0 0.425 246 319 237 317 243 298 252 300 small-vehicle
P0255__1__0___0 0.427 646 434 638 431 643 415 651 418 small-vehicle
P0255__1__0___0 0.428 477 673 466 669 476 642 487 646 large-vehicle
P0255__1__0___0 0.429 283 903 275 900 282 880 290 883 small-vehicle
P0255__1__0___0 0.430 919 119 903 110 908 102 924 111 small-vehicle
P0255__1__0___0 0.431 169 854 161 851 166 833 174 836 small-vehicle
P0255__1__0___0 0.432 383 946 375 943 382 923 390 926 small-vehicle
P0255__1__0___0 0.433 153 846 145 844 150 827 158 829 small-vehicle
P0255__1__0___0 0.434 369 348 353 338 358 331 374 341 small-vehicle
P0255__1__0___0 0.434 831 127 822 124 828 108 837 111 small-vehicle
P0255__1__0___0 0.435 580 710 572 706 579 689 587 693 small-vehicle
P0255__1__0___0 0.436 857 74 841 64 846 57 862 67 small-vehicle
P0255__1__0___0 0.436 307 912 299 909 306 891 314 894 small-vehicle
P0255__1__0___0 0.436 268 249 258 246 265 226 275 229 small-vehicle
P0255__1__0___0 0.439 889 60 872 51 876 43 893 52 small-vehicle
P0255__1__0___0 0.439 268 92 252 84 255 77 271 85 small-vehicle
P0255__1__0___0 0.441 301 12 284 3 288 -4 305 4 small-vehicle
P0255__1__0___0 0.441 186 241 177 238 183 220 192 223 small-vehicle
P0255__1__0___0 0.444 369 292 360 289 366 269 375 272 small-vehicle
P0255__1__0___0 0.444 256 1020 218 996 235 969 273 993 plane
P0255__1__0___0 0.444 889 20 872 10 876 3 893 13 small-vehicle
P0255__1__0___0 0.445 990 79 974 69 979 62 995 72 small-vehicle
P0255__1__0___0 0.448 559 41 550 37 556 18 565 22 small-vehicle
P0255__1__0___0 0.448 102 421 101 412 121 410 122 419 small-vehicle
P0255__1__0___0 0.449 658 658 640 648 645 639 663 649 small-vehicle
P0255__1__0___0 0.449 523 70 513 67 520 47 530 50 small-vehicle
P0255__1__0___0 0.450 263 327 253 324 260 304 270 307 small-vehicle
P0255__1__0___0 0.450 547 696 538 693 544 675 553 678 small-vehicle
P0255__1__0___0 0.451 388 634 376 629 389 593 401 598 large-vehicle
P0255__1__0___0 0.452 623 401 613 398 620 378 630 381 small-vehicle
P0255__1__0___0 0.453 73 809 65 806 72 788 80 791 small-vehicle
P0255__1__0___0 0.453 920 77 904 66 909 58 925 69 small-vehicle
P0255__1__0___0 0.454 524 22 514 20 519 1 529 3 small-vehicle
P0255__1__0___0 0.457 103 201 94 198 102 176 111 179 small-vehicle
P0255__1__0___0 0.457 612 110 603 106 611 87 620 91 small-vehicle
P0255__1__0___0 0.458 424 316 415 312 421 293 430 297 small-vehicle
P0255__1__0___0 0.458 409 636 400 633 406 615 415 618 small-vehicle
P0255__1__0___0 0.459 257 120 238 111 242 103 261 112 small-vehicle
P0255__1__0___0 0.460 971 33 953 22 958 14 976 25 small-vehicle
P0255__1__0___0 0.460 967 121 949 109 954 102 972 114 small-vehicle
P0255__1__0___0 0.461 610 63 601 59 609 40 618 44 small-vehicle
P0255__1__0___0 0.461 499 807 495 796 532 784 536 795 large-vehicle
P0255__1__0___0 0.463 514 65 505 63 511 44 520 46 small-vehicle
P0255__1__0___0 0.463 715 1007 706 1003 716 984 725 988 small-vehicle
P0255__1__0___0 0.464 415 23 406 20 412 2 421 5 small-vehicle
P0255__1__0___0 0.464 186 490 176 486 183 467 193 471 small-vehicle
P0255__1__0___0 0.465 289 589 279 586 286 566 296 569 small-vehicle
P0255__1__0___0 0.467 294 259 285 256 293 236 302 239 small-vehicle
P0255__1__0___0 0.468 531 26 522 23 528 5 537 8 small-vehicle
P0255__1__0___0 0.468 176 857 169 854 177 836 184 839 small-vehicle
P0255__1__0___0 0.469 130 293 121 290 129 268 138 271 small-vehicle
P0255__1__0___0 0.471 958 136 943 126 947 119 962 129 small-vehicle
P0255__1__0___0 0.472 503 16 494 12 500 -6 509 -2 small-vehicle
P0255__1__0___0 0.474 280 66 262 58 265 49 283 57 small-vehicle
P0255__1__0___0 0.476 93 220 84 217 90 197 99 200 small-vehicle
P0255__1__0___0 0.477 192 864 184 861 191 841 199 844 small-vehicle
P0255__1__0___0 0.478 798 15 788 10 797 -11 807 -6 small-vehicle
P0255__1__0___0 0.478 893 53 876 44 880 36 897 45 small-vehicle
P0255__1__0___0 0.479 930 62 913 51 919 43 936 54 small-vehicle
P0255__1__0___0 0.479 1001 65 984 54 988 46 1005 57 small-vehicle
P0255__1__0___0 0.479 881 35 864 26 868 18 885 27 small-vehicle
P0255__1__0___0 0.481 952 68 935 57 939 49 956 60 small-vehicle
P0255__1__0___0 0.482 264 100 247 93 251 85 268 92 small-vehicle
P0255__1__0___0 0.485 174 28 166 26 171 9 179 11 small-vehicle
P0255__1__0___0 0.485 995 510 986 505 998 485 1007 490 small-vehicle
P0255__1__0___0 0.485 847 140 837 135 846 115 856 120 small-vehicle
P0255__1__0___0 0.486 951 144 935 134 940 127 956 137 small-vehicle
P0255__1__0___0 0.486 299 909 291 905 298 888 306 892 small-vehicle
P0255__1__0___0 0.488 444 974 435 972 439 949 448 951 small-vehicle
P0255__1__0___0 0.489 376 629 364 624 377 590 389 595 large-vehicle
P0255__1__0___0 0.489 986 88 969 77 973 69 990 80 small-vehicle
P0255__1__0___0 0.490 450 657 441 653 449 632 458 636 small-vehicle
P0255__1__0___0 0.490 911 93 895 83 900 76 916 86 small-vehicle
P0255__1__0___0 0.491 315 597 307 594 312 576 320 579 small-vehicle
P0255__1__0___0 0.491 792 290 759 275 763 265 796 280 large-vehicle
P0255__1__0___0 0.492 297 21 280 13 284 4 301 12 small-vehicle
P0255__1__0___0 0.494 551 371 541 368 548 348 558 351 small-vehicle
P0255__1__0___0 0.495 949 29 933 19 938 12 954 22 small-vehicle
P0255__1__0___0 0.496 489 56 480 54 486 35 495 37 small-vehicle
P0255__1__0___0 0.497 1032 138 996 112 1011 91 1047 117 plane
P0255__1__0___0 0.500 533 362 523 358 530 337 540 341 small-vehicle
P0255__1__0___0 0.500 375 941 366 939 372 920 381 922 small-vehicle
P0255__1__0___0 0.502 262 110 245 103 249 95 266 102 small-vehicle
P0255__1__0___0 0.504 317 918 309 915 316 897 324 900 small-vehicle
P0255__1__0___0 0.504 136 121 127 118 135 96 144 99 small-vehicle
P0255__1__0___0 0.505 177 483 168 480 174 464 183 467 small-vehicle
P0255__1__0___0 0.505 280 529 270 525 277 506 287 510 small-vehicle
P0255__1__0___0 0.506 722 473 713 470 719 452 728 455 small-vehicle
P0255__1__0___0 0.506 644 408 634 404 641 383 651 387 small-vehicle
P0255__1__0___0 0.508 524 360 514 356 521 335 531 339 small-vehicle
P0255__1__0___0 0.510 983 96 964 85 968 77 987 88 small-vehicle
P0255__1__0___0 0.510 854 83 838 74 843 66 859 75 small-vehicle
P0255__1__0___0 0.510 209 827 191 819 194 810 212 818 small-vehicle
P0255__1__0___0 0.511 192 811 182 808 189 788 199 791 small-vehicle
P0255__1__0___0 0.511 900 159 891 156 899 138 908 141 small-vehicle
P0255__1__0___0 0.514 247 570 237 566 244 545 254 549 small-vehicle
P0255__1__0___0 0.514 271 84 253 75 256 67 274 76 small-vehicle
P0255__1__0___0 0.515 271 522 263 518 270 501 278 505 small-vehicle
P0255__1__0___0 0.515 284 57 267 49 271 40 288 48 small-vehicle
P0255__1__0___0 0.517 555 699 546 697 552 678 561 680 small-vehicle
P0255__1__0___0 0.517 454 977 444 975 449 956 459 958 small-vehicle
P0255__1__0___0 0.519 796 114 787 110 795 91 804 95 small-vehicle
P0255__1__0___0 0.519 325 353 316 350 322 330 331 333 small-vehicle
P0255__1__0___0 0.520 911 24 893 14 898 5 916 15 small-vehicle
P0255__1__0___0 0.520 307 593 298 590 304 572 313 575 small-vehicle
P0255__1__0___0 0.520 864 66 847 57 851 49 868 58 small-vehicle
P0255__1__0___0 0.521 209 252 200 248 208 229 217 233 small-vehicle
P0255__1__0___0 0.522 320 272 312 269 319 251 327 254 small-vehicle
P0255__1__0___0 0.523 874 696 837 674 853 647 890 669 plane
P0255__1__0___0 0.524 876 43 859 34 863 26 880 35 small-vehicle
P0255__1__0___0 0.525 613 396 604 393 610 373 619 376 small-vehicle
P0255__1__0___0 0.527 365 939 356 936 362 916 371 919 small-vehicle
P0255__1__0___0 0.527 976 104 958 93 963 85 981 96 small-vehicle
P0255__1__0___0 0.528 1013 39 995 28 1000 20 1018 31 small-vehicle
P0255__1__0___0 0.532 549 36 540 33 546 15 555 18 small-vehicle
P0255__1__0___0 0.532 380 656 371 654 375 637 384 639 small-vehicle
P0255__1__0___0 0.532 246 887 238 884 245 866 253 869 small-vehicle
P0255__1__0___0 0.533 565 89 556 86 562 68 571 71 small-vehicle
P0255__1__0___0 0.533 273 897 265 894 272 876 280 879 small-vehicle
P0255__1__0___0 0.533 549 640 509 626 514 613 554 627 large-vehicle
P0255__1__0___0 0.534 272 578 263 576 269 557 278 559 small-vehicle
P0255__1__0___0 0.534 146 787 137 783 143 764 152 768 small-vehicle
P0255__1__0___0 0.535 231 53 223 49 230 32 238 36 small-vehicle
P0255__1__0___0 0.538 400 950 392 947 399 929 407 932 small-vehicle
P0255__1__0___0 0.539 865 145 855 142 862 122 872 125 small-vehicle
P0255__1__0___0 0.539 865 100 849 91 854 83 870 92 small-vehicle
P0255__1__0___0 0.542 774 899 763 893 773 874 784 880 small-vehicle
P0255__1__0___0 0.543 255 890 247 887 254 869 262 872 small-vehicle
P0255__1__0___0 0.543 945 90 925 80 930 71 950 81 small-vehicle
P0255__1__0___0 0.545 894 13 876 3 881 -5 899 4 small-vehicle
P0255__1__0___0 0.545 272 611 263 607 271 588 280 592 small-vehicle
P0255__1__0___0 0.547 875 146 867 144 872 125 880 127 small-vehicle
P0255__1__0___0 0.547 902 111 886 102 891 94 907 103 small-vehicle
P0255__1__0___0 0.547 977 24 960 13 964 5 981 16 small-vehicle
P0255__1__0___0 0.547 675 91 665 87 672 66 682 70 small-vehicle
P0255__1__0___0 0.548 905 101 889 92 894 84 910 93 small-vehicle
P0255__1__0___0 0.548 305 865 285 856 288 848 308 857 small-vehicle
P0255__1__0___0 0.548 350 366 341 363 347 345 356 348 small-vehicle
P0255__1__0___0 0.549 238 563 228 560 235 540 245 543 small-vehicle
P0255__1__0___0 0.551 290 38 274 30 277 23 293 31 small-vehicle
P0255__1__0___0 0.555 688 426 679 423 685 405 694 408 small-vehicle
P0255__1__0___0 0.555 633 405 624 401 630 382 639 386 small-vehicle
P0255__1__0___0 0.559 874 81 858 72 863 64 879 73 small-vehicle
P0255__1__0___0 0.560 570 376 561 374 567 355 576 357 small-vehicle
P0255__1__0___0 0.560 176 539 166 535 175 512 185 516 small-vehicle
P0255__1__0___0 0.561 163 532 154 528 162 511 171 515 small-vehicle
P0255__1__0___0 0.562 294 30 277 23 281 15 298 22 small-vehicle
P0255__1__0___0 0.562 962 45 945 35 951 26 968 36 small-vehicle
P0255__1__0___0 0.563 414 962 406 959 413 941 421 944 small-vehicle
P0255__1__0___0 0.564 202 866 194 863 201 845 209 848 small-vehicle
P0255__1__0___0 0.565 935 55 919 45 924 36 940 46 small-vehicle
P0255__1__0___0 0.566 870 90 853 81 857 73 874 82 small-vehicle
P0255__1__0___0 0.567 134 837 126 834 133 816 141 819 small-vehicle
P0255__1__0___0 0.568 135 783 126 781 132 762 141 764 small-vehicle
P0255__1__0___0 0.569 143 844 135 841 142 823 150 826 small-vehicle
P0255__1__0___0 0.569 892 155 883 152 889 134 898 137 small-vehicle
P0255__1__0___0 0.570 494 499 452 479 475 430 517 450 helicopter
P0255__1__0___0 0.572 249 137 231 130 234 122 252 129 small-vehicle
P0255__1__0___0 0.575 556 744 545 740 559 709 570 713 large-vehicle
P0255__1__0___0 0.577 902 37 885 28 889 20 906 29 small-vehicle
P0255__1__0___0 0.578 238 236 230 233 237 215 245 218 small-vehicle
P0255__1__0___0 0.578 192 245 184 242 191 224 199 227 small-vehicle
P0255__1__0___0 0.580 475 971 464 964 480 938 491 945 large-vehicle
P0255__1__0___0 0.582 326 876 308 868 311 859 329 867 small-vehicle
P0255__1__0___0 0.582 121 156 113 153 120 135 128 138 small-vehicle
P0255__1__0___0 0.582 652 411 643 408 649 390 658 393 small-vehicle
P0255__1__0___0 0.583 1018 28 1000 17 1005 9 1023 20 small-vehicle
P0255__1__0___0 0.583 271 331 261 328 268 308 278 311 small-vehicle
P0255__1__0___0 0.586 238 164 220 155 223 147 241 156 small-vehicle
P0255__1__0___0 0.586 147 96 138 94 144 75 153 77 small-vehicle
P0255__1__0___0 0.586 429 349 419 346 426 326 436 329 small-vehicle
P0255__1__0___0 0.587 871 50 854 41 858 33 875 42 small-vehicle
P0255__1__0___0 0.587 324 601 315 598 321 580 330 583 small-vehicle
P0255__1__0___0 0.588 256 1047 218 1024 235 996 273 1019 plane
P0255__1__0___0 0.589 931 332 896 312 910 289 945 309 plane
P0255__1__0___0 0.590 757 912 748 908 756 891 765 895 small-vehicle
P0255__1__0___0 0.593 97 868 85 846 118 829 130 851 plane
P0255__1__0___0 0.593 308 219 300 216 307 198 315 201 small-vehicle
P0255__1__0___0 0.594 311 267 303 264 310 246 318 249 small-vehicle
P0255__1__0___0 0.596 288 532 280 529 287 511 295 514 small-vehicle
P0255__1__0___0 0.597 103 355 95 352 100 336 108 339 small-vehicle
P0255__1__0___0 0.598 507 791 503 779 544 764 548 776 large-vehicle
P0255__1__0___0 0.598 568 44 558 41 565 21 575 24 small-vehicle
P0255__1__0___0 0.599 126 832 118 829 125 811 133 814 small-vehicle
P0255__1__0___0 0.602 111 336 103 333 110 315 118 318 small-vehicle
P0255__1__0___0 0.603 541 367 532 363 540 344 549 348 small-vehicle
P0255__1__0___0 0.604 605 393 597 391 602 372 610 374 small-vehicle
P0255__1__0___0 0.607 229 233 221 229 228 212 236 216 small-vehicle
P0255__1__0___0 0.607 553 1029 519 1008 532 986 566 1007 plane
P0255__1__0___0 0.609 189 543 180 540 186 520 195 523 small-vehicle
P0255__1__0___0 0.611 228 559 219 556 227 536 236 539 small-vehicle
P0255__1__0___0 0.612 263 574 254 572 260 553 269 555 small-vehicle
P0255__1__0___0 0.614 940 45 923 36 927 28 944 37 small-vehicle
P0255__1__0___0 0.615 241 29 234 26 240 10 247 13 small-vehicle
P0255__1__0___0 0.615 667 967 630 946 644 920 681 941 plane
P0255__1__0___0 0.616 326 307 316 303 323 282 333 286 small-vehicle
P0255__1__0___0 0.620 139 521 129 519 134 498 144 500 small-vehicle
P0255__1__0___0 0.621 388 298 377 295 383 273 394 276 small-vehicle
P0255__1__0___0 0.621 153 529 144 525 152 506 161 510 small-vehicle
P0255__1__0___0 0.622 620 67 611 63 619 44 628 48 small-vehicle
P0255__1__0___0 0.622 884 68 868 59 873 51 889 60 small-vehicle
P0255__1__0___0 0.623 340 362 332 359 339 341 347 344 small-vehicle
P0255__1__0___0 0.625 513 383 503 379 510 360 520 364 small-vehicle
P0255__1__0___0 0.625 572 575 536 559 559 508 595 524 helicopter
P0255__1__0___0 0.626 1004 56 987 45 991 37 1008 48 small-vehicle
P0255__1__0___0 0.626 129 399 110 399 110 390 129 390 small-vehicle
P0255__1__0___0 0.632 120 514 109 511 115 491 126 494 small-vehicle
P0255__1__0___0 0.633 981 13 963 2 968 -5 986 5 small-vehicle
P0255__1__0___0 0.634 203 123 194 119 202 100 211 104 small-vehicle
P0255__1__0___0 0.635 831 34 822 29 832 9 841 14 small-vehicle
P0255__1__0___0 0.638 219 556 209 553 216 533 226 536 small-vehicle
P0255__1__0___0 0.640 512 755 448 731 453 718 517 742 large-vehicle
P0255__1__0___0 0.640 915 86 898 75 904 67 921 78 small-vehicle
P0255__1__0___0 0.643 611 426 602 423 608 405 617 408 small-vehicle
P0255__1__0___0 0.644 214 96 206 93 213 75 221 78 small-vehicle
P0255__1__0___0 0.645 960 53 943 43 947 36 964 46 small-vehicle
P0255__1__0___0 0.646 848 93 832 84 837 76 853 85 small-vehicle
P0255__1__0___0 0.646 601 58 592 54 600 35 609 39 small-vehicle
P0255__1__0___0 0.648 803 281 763 263 768 252 808 270 large-vehicle
P0255__1__0___0 0.652 925 108 909 99 914 91 930 100 small-vehicle
P0255__1__0___0 0.652 678 453 669 449 675 430 684 434 small-vehicle
P0255__1__0___0 0.653 589 385 579 382 586 362 596 365 small-vehicle
P0255__1__0___0 0.654 102 506 92 503 99 485 109 488 small-vehicle
P0255__1__0___0 0.655 302 293 292 290 299 270 309 273 small-vehicle
P0255__1__0___0 0.660 199 548 190 545 196 523 205 526 small-vehicle
P0255__1__0___0 0.663 584 411 574 408 579 388 589 391 small-vehicle
P0255__1__0___0 0.663 582 785 570 778 589 744 601 751 large-vehicle
P0255__1__0___0 0.669 486 373 476 369 485 350 495 354 small-vehicle
P0255__1__0___0 0.670 523 390 513 387 520 367 530 370 small-vehicle
P0255__1__0___0 0.673 223 77 214 73 222 54 231 58 small-vehicle
P0255__1__0___0 0.674 818 787 785 769 797 748 830 766 plane
P0255__1__0___0 0.677 249 269 240 266 246 246 255 249 small-vehicle
P0255__1__0___0 0.684 593 54 584 50 590 31 599 35 small-vehicle
P0255__1__0___0 0.686 194 143 186 139 193 122 201 126 small-vehicle
P0255__1__0___0 0.687 233 261 224 258 230 240 239 243 small-vehicle
P0255__1__0___0 0.688 239 923 206 903 220 882 253 902 plane
P0255__1__0___0 0.688 910 164 902 160 909 143 917 147 small-vehicle
P0255__1__0___0 0.691 707 987 671 966 684 944 720 965 plane
P0255__1__0___0 0.693 936 594 896 576 907 553 947 571 plane
P0255__1__0___0 0.693 396 1004 363 988 375 963 408 979 plane
P0255__1__0___0 0.694 800 649 766 629 779 606 813 626 plane
P0255__1__0___0 0.698 284 285 274 282 281 262 291 265 small-vehicle
P0255__1__0___0 0.698 65 854 25 833 40 805 80 826 plane
P0255__1__0___0 0.700 575 763 564 758 582 720 593 725 large-vehicle
P0255__1__0___0 0.705 950 514 916 489 933 465 967 490 plane
P0255__1__0___0 0.709 218 255 210 252 217 234 225 237 small-vehicle
P0255__1__0___0 0.712 743 781 712 762 724 742 755 761 plane
P0255__1__0___0 0.712 259 274 250 271 256 251 265 254 small-vehicle
P0255__1__0___0 0.716 213 500 203 496 210 477 220 481 small-vehicle
P0255__1__0___0 0.722 906 451 878 435 889 416 917 432 plane
P0255__1__0___0 0.731 890 573 858 552 873 530 905 551 plane
P0255__1__0___0 0.733 667 919 642 910 652 880 677 889 plane
P0255__1__0___0 0.734 518 1005 482 988 493 966 529 983 plane
P0255__1__0___0 0.737 591 959 556 939 570 914 605 934 plane
P0255__1__0___0 0.738 894 607 862 590 875 566 907 583 plane
P0255__1__0___0 0.739 359 986 320 969 332 943 371 960 plane
P0255__1__0___0 0.741 687 882 652 861 666 839 701 860 plane
P0255__1__0___0 0.741 96 875 65 851 81 832 112 856 plane
P0255__1__0___0 0.743 477 1041 442 1022 456 996 491 1015 plane
P0255__1__0___0 0.744 685 846 651 826 664 803 698 823 plane
P0255__1__0___0 0.744 894 345 859 328 871 304 906 321 plane
P0255__1__0___0 0.747 586 920 555 899 571 875 602 896 plane
P0255__1__0___0 0.749 725 898 696 882 708 861 737 877 plane
P0255__1__0___0 0.751 212 1029 174 993 199 966 237 1002 plane
P0255__1__0___0 0.753 438 1023 402 1006 413 982 449 999 plane
P0255__1__0___0 0.753 667 1002 633 980 648 957 682 979 plane
P0255__1__0___0 0.754 216 926 180 907 193 883 229 902 plane
P0255__1__0___0 0.758 188 972 152 956 173 907 209 923 plane
P0255__1__0___0 0.772 192 912 145 905 151 867 198 874 plane
P0255__1__0___0 0.786 649 860 613 838 630 811 666 833 plane
P0255__1__0___0 0.792 137 887 99 873 110 844 148 858 plane
P0255__1__0___0 0.799 261 936 226 919 238 895 273 912 plane
P0255__1__0___0 0.802 284 943 250 931 259 906 293 918 plane
P0255__1__0___0 0.802 725 865 690 848 702 824 737 841 plane
P0255__1__0___0 0.815 137 888 127 862 164 849 174 875 plane
P0255__1__0___0 0.818 629 976 598 959 612 935 643 952 plane
P0255__1__0___824 0.260 173 31 165 29 172 10 180 12 small-vehicle
P0255__1__0___824 0.267 23 948 10 940 14 933 27 941 small-vehicle
P0255__1__0___824 0.280 258 22 237 13 241 5 262 14 small-vehicle
P0255__1__0___824 0.291 162 28 155 25 161 7 168 10 small-vehicle
P0255__1__0___824 0.304 263 69 255 66 262 48 270 51 small-vehicle
P0255__1__0___824 0.324 329 98 319 94 326 75 336 79 small-vehicle
P0255__1__0___824 0.335 491 28 488 20 508 13 511 21 large-vehicle
P0255__1__0___824 0.344 434 667 424 661 437 638 447 644 small-vehicle
P0255__1__0___824 0.359 45 922 35 919 42 899 52 902 small-vehicle
P0255__1__0___824 0.373 357 413 339 400 344 392 362 405 small-vehicle
P0255__1__0___824 0.377 90 951 81 947 91 924 100 928 small-vehicle
P0255__1__0___824 0.387 113 771 96 761 100 754 117 764 small-vehicle
P0255__1__0___824 0.388 473 80 452 76 454 67 475 71 large-vehicle
P0255__1__0___824 0.390 72 837 56 827 61 820 77 830 small-vehicle
P0255__1__0___824 0.394 390 124 382 121 389 101 397 104 small-vehicle
P0255__1__0___824 0.394 434 145 425 143 429 122 438 124 small-vehicle
P0255__1__0___824 0.404 424 310 414 306 423 281 433 285 large-vehicle
P0255__1__0___824 0.404 83 821 66 810 70 802 87 813 small-vehicle
P0255__1__0___824 0.406 57 931 48 926 56 908 65 913 small-vehicle
P0255__1__0___824 0.406 152 711 132 701 137 692 157 702 large-vehicle
P0255__1__0___824 0.406 182 655 162 644 167 636 187 647 large-vehicle
P0255__1__0___824 0.408 134 13 126 10 133 -7 141 -4 small-vehicle
P0255__1__0___824 0.417 79 828 62 818 66 811 83 821 small-vehicle
P0255__1__0___824 0.419 73 1020 64 1015 74 995 83 1000 large-vehicle
P0255__1__0___824 0.425 97 795 81 785 86 778 102 788 small-vehicle
P0255__1__0___824 0.426 282 78 274 75 281 57 289 60 small-vehicle
P0255__1__0___824 0.427 104 789 87 778 91 770 108 781 small-vehicle
P0255__1__0___824 0.431 37 937 17 925 22 916 42 928 small-vehicle
P0255__1__0___824 0.436 128 748 108 735 113 727 133 740 small-vehicle
P0255__1__0___824 0.440 153 22 145 20 150 3 158 5 small-vehicle
P0255__1__0___824 0.452 192 40 184 37 191 17 199 20 small-vehicle
P0255__1__0___824 0.453 168 30 161 27 167 9 174 12 small-vehicle
P0255__1__0___824 0.456 291 81 283 78 290 60 298 63 small-vehicle
P0255__1__0___824 0.461 177 32 169 29 176 11 184 14 small-vehicle
P0255__1__0___824 0.470 383 120 375 117 382 99 390 102 small-vehicle
P0255__1__0___824 0.470 143 19 134 16 142 -1 151 1 small-vehicle
P0255__1__0___824 0.474 475 147 464 140 480 114 491 121 large-vehicle
P0255__1__0___824 0.476 119 764 102 754 106 747 123 757 small-vehicle
P0255__1__0___824 0.476 309 88 300 85 306 69 315 72 small-vehicle
P0255__1__0___824 0.483 195 638 172 624 178 613 201 627 large-vehicle
P0255__1__0___824 0.486 366 114 356 111 361 89 371 92 small-vehicle
P0255__1__0___824 0.497 255 66 247 63 254 45 262 48 small-vehicle
P0255__1__0___824 0.499 400 126 392 123 399 105 407 108 small-vehicle
P0255__1__0___824 0.501 246 63 238 60 245 42 253 45 small-vehicle
P0255__1__0___824 0.502 452 154 443 150 449 131 458 135 small-vehicle
P0255__1__0___824 0.509 299 85 290 82 298 64 307 67 small-vehicle
P0255__1__0___824 0.513 97 43 86 20 118 4 129 27 plane
P0255__1__0___824 0.514 318 92 309 89 315 73 324 76 small-vehicle
P0255__1__0___824 0.521 173 601 161 599 166 576 178 578 small-vehicle
P0255__1__0___824 0.521 375 118 367 116 372 95 380 97 small-vehicle
P0255__1__0___824 0.526 202 43 193 39 201 20 210 24 small-vehicle
P0255__1__0___824 0.528 715 183 705 178 714 158 724 163 small-vehicle
P0255__1__0___824 0.537 444 149 434 147 439 126 449 128 small-vehicle
P0255__1__0___824 0.553 273 73 265 70 272 52 280 55 small-vehicle
P0255__1__0___824 0.562 773 74 764 69 774 51 783 56 small-vehicle
P0255__1__0___824 0.569 307 505 286 493 292 484 313 496 small-vehicle
P0255__1__0___824 0.576 304 41 285 32 289 24 308 33 small-vehicle
P0255__1__0___824 0.582 20 545 9 542 15 520 26 523 small-vehicle
P0255__1__0___824 0.596 77 887 68 882 78 864 87 869 small-vehicle
P0255__1__0___824 0.603 326 52 308 44 311 35 329 43 small-vehicle
P0255__1__0___824 0.607 415 139 405 135 412 116 422 120 small-vehicle
P0255__1__0___824 0.612 756 88 747 83 757 65 766 70 small-vehicle
P0255__1__0___824 0.617 226 1025 208 1015 213 1006 231 1016 small-vehicle
P0255__1__0___824 0.617 379 387 342 367 354 344 391 364 plane
P0255__1__0___824 0.637 367 746 327 724 340 701 380 723 plane
P0255__1__0___824 0.645 56 558 44 554 51 533 63 537 small-vehicle
P0255__1__0___824 0.656 153 594 141 591 146 569 158 572 small-vehicle
P0255__1__0___824 0.658 37 551 27 548 34 528 44 531 small-vehicle
P0255__1__0___824 0.672 192 782 159 763 173 739 206 758 plane
P0255__1__0___824 0.676 289 964 254 942 268 919 303 941 plane
P0255__1__0___824 0.680 708 163 672 142 685 120 721 141 plane
P0255__1__0___824 0.683 497 443 465 425 478 400 510 418 plane
P0255__1__0___824 0.689 248 682 217 662 231 641 262 661 plane
P0255__1__0___824 0.690 268 249 235 234 245 212 278 227 plane
P0255__1__0___824 0.690 403 549 366 528 380 504 417 525 plane
P0255__1__0___824 0.695 548 364 512 346 523 325 559 343 plane
P0255__1__0___824 0.695 361 491 326 468 342 444 377 467 plane
P0255__1__0___824 0.698 309 620 279 602 292 579 322 597 plane
P0255__1__0___824 0.699 649 37 613 14 630 -11 666 11 plane
P0255__1__0___824 0.702 135 588 123 585 130 563 142 566 small-vehicle
P0255__1__0___824 0.706 97 52 65 27 80 7 112 32 plane
P0255__1__0___824 0.708 380 294 344 278 355 253 391 269 plane
P0255__1__0___824 0.716 554 207 517 186 531 162 568 183 plane
P0255__1__0___824 0.720 518 180 482 163 493 141 529 158 plane
P0255__1__0___824 0.721 179 302 140 287 150 261 189 276 plane
P0255__1__0___824 0.721 312 848 275 827 289 803 326 824 plane
P0255__1__0___824 0.722 441 532 406 511 420 487 455 508 plane
P0255__1__0___824 0.722 667 142 630 122 644 97 681 117 plane
P0255__1__0___824 0.724 285 705 255 687 268 666 298 684 plane
P0255__1__0___824 0.725 235 839 199 821 212 796 248 814 plane
P0255__1__0___824 0.726 458 421 422 405 433 380 469 396 plane
P0255__1__0___824 0.726 56 253 18 236 29 210 67 227 plane
P0255__1__0___824 0.730 666 95 642 86 653 56 677 65 plane
P0255__1__0___824 0.733 196 817 162 796 175 774 209 795 plane
P0255__1__0___824 0.733 254 719 219 698 233 674 268 695 plane
P0255__1__0___824 0.733 218 101 181 82 193 58 230 77 plane
P0255__1__0___824 0.733 590 137 556 116 571 90 605 111 plane
P0255__1__0___824 0.734 480 554 445 533 459 509 494 530 plane
P0255__1__0___824 0.735 14 233 -22 216 -10 190 26 207 plane
P0255__1__0___824 0.736 395 180 364 164 376 139 407 155 plane
P0255__1__0___824 0.736 240 99 207 78 221 56 254 77 plane
P0255__1__0___824 0.738 213 203 175 168 200 142 238 177 plane
P0255__1__0___824 0.738 438 199 402 182 413 158 449 175 plane
P0255__1__0___824 0.739 136 285 100 269 111 244 147 260 plane
P0255__1__0___824 0.742 214 225 178 205 191 182 227 202 plane
P0255__1__0___824 0.742 189 145 154 130 174 84 209 99 plane
P0255__1__0___824 0.743 667 179 633 158 648 134 682 155 plane
P0255__1__0___824 0.743 233 802 197 780 210 757 246 779 plane
P0255__1__0___824 0.744 359 162 320 145 332 119 371 136 plane
P0255__1__0___824 0.746 298 351 262 333 273 310 309 328 plane
P0255__1__0___824 0.747 687 58 652 37 666 15 701 36 plane
P0255__1__0___824 0.749 178 898 143 875 157 853 192 876 plane
P0255__1__0___824 0.749 411 297 377 277 390 254 424 274 plane
P0255__1__0___824 0.754 303 248 267 231 278 207 314 224 plane
P0255__1__0___824 0.755 191 88 144 79 152 41 199 50 plane
P0255__1__0___824 0.755 586 96 555 76 571 51 602 71 plane
P0255__1__0___824 0.755 140 874 106 852 121 829 155 851 plane
P0255__1__0___824 0.760 65 32 24 11 38 -14 79 6 plane
P0255__1__0___824 0.760 725 75 696 58 708 36 737 53 plane
P0255__1__0___824 0.764 490 341 457 327 467 304 500 318 plane
P0255__1__0___824 0.766 96 270 58 252 71 225 109 243 plane
P0255__1__0___824 0.769 361 272 323 255 334 231 372 248 plane
P0255__1__0___824 0.771 526 342 488 327 497 303 535 318 plane
P0255__1__0___824 0.786 470 320 433 303 445 277 482 294 plane
P0255__1__0___824 0.788 284 119 251 108 259 82 292 93 plane
P0255__1__0___824 0.788 262 111 226 95 237 70 273 86 plane
P0255__1__0___824 0.789 256 228 217 207 233 177 272 198 plane
P0255__1__0___824 0.794 591 232 561 215 576 189 606 206 plane
P0255__1__0___824 0.797 326 272 289 255 301 229 338 246 plane
P0255__1__0___824 0.800 136 64 128 38 165 25 173 51 plane
P0255__1__0___824 0.801 517 232 482 219 494 189 529 202 plane
P0255__1__0___824 0.811 474 215 442 200 455 174 487 189 plane
P0255__1__0___824 0.818 137 63 99 48 110 20 148 35 plane
P0255__1__0___824 0.819 582 379 545 361 561 330 598 348 plane
P0255__1__0___824 0.820 629 153 598 136 612 112 643 129 plane
P0255__1__0___824 0.826 727 41 691 24 702 0 738 17 plane
P0255__1__0___824 0.829 685 22 651 2 664 -20 698 0 plane
P0255__1__0___840 0.252 296 68 287 65 295 45 304 48 small-vehicle
P0255__1__0___840 0.256 328 82 319 78 327 59 336 63 small-vehicle
P0255__1__0___840 0.270 115 23 101 -5 140 -23 154 5 plane
P0255__1__0___840 0.273 579 117 546 97 580 40 613 60 plane
P0255__1__0___840 0.276 22 933 8 924 13 916 27 925 small-vehicle
P0255__1__0___840 0.315 263 53 255 50 262 32 270 35 small-vehicle
P0255__1__0___840 0.318 493 13 489 4 508 -3 512 5 large-vehicle
P0255__1__0___840 0.343 473 65 452 60 454 50 475 55 large-vehicle
P0255__1__0___840 0.355 357 397 339 384 344 376 362 389 small-vehicle
P0255__1__0___840 0.362 434 651 424 645 437 622 447 628 small-vehicle
P0255__1__0___840 0.365 182 639 162 628 167 620 187 631 large-vehicle
P0255__1__0___840 0.377 113 755 96 745 100 738 117 748 small-vehicle
P0255__1__0___840 0.381 97 779 81 769 86 762 102 772 small-vehicle
P0255__1__0___840 0.383 424 294 414 290 423 265 433 269 large-vehicle
P0255__1__0___840 0.387 72 822 56 812 61 805 77 815 small-vehicle
P0255__1__0___840 0.389 37 920 17 908 22 899 42 911 small-vehicle
P0255__1__0___840 0.390 434 129 425 127 429 106 438 108 small-vehicle
P0255__1__0___840 0.397 57 915 48 910 56 892 65 897 small-vehicle
P0255__1__0___840 0.400 44 907 35 903 43 882 52 886 small-vehicle
P0255__1__0___840 0.406 267 1029 247 1018 252 1010 272 1021 small-vehicle
P0255__1__0___840 0.408 390 108 382 105 389 85 397 88 small-vehicle
P0255__1__0___840 0.409 176 16 169 13 177 -4 184 -1 small-vehicle
P0255__1__0___840 0.413 152 695 132 685 137 676 157 686 large-vehicle
P0255__1__0___840 0.418 104 773 87 762 91 754 108 765 small-vehicle
P0255__1__0___840 0.420 83 805 66 794 70 786 87 797 small-vehicle
P0255__1__0___840 0.422 78 812 62 802 67 795 83 805 small-vehicle
P0255__1__0___840 0.442 97 29 84 4 120 -13 133 11 plane
P0255__1__0___840 0.453 307 72 299 68 306 51 314 55 small-vehicle
P0255__1__0___840 0.454 90 935 80 930 91 908 101 913 small-vehicle
P0255__1__0___840 0.460 291 65 283 62 290 44 298 47 small-vehicle
P0255__1__0___840 0.460 283 62 275 59 282 41 290 44 small-vehicle
P0255__1__0___840 0.462 192 23 184 20 191 2 199 5 small-vehicle
P0255__1__0___840 0.469 383 104 375 101 382 83 390 86 small-vehicle
P0255__1__0___840 0.469 217 1021 200 1010 204 1002 221 1013 small-vehicle
P0255__1__0___840 0.471 128 732 108 719 113 711 133 724 small-vehicle
P0255__1__0___840 0.475 246 47 238 44 245 26 253 29 small-vehicle
P0255__1__0___840 0.475 119 748 102 738 106 731 123 741 small-vehicle
P0255__1__0___840 0.475 73 1004 64 1000 74 979 83 983 large-vehicle
P0255__1__0___840 0.483 255 50 247 47 254 29 262 32 small-vehicle
P0255__1__0___840 0.490 366 97 356 95 361 74 371 76 small-vehicle
P0255__1__0___840 0.499 299 69 290 66 298 48 307 51 small-vehicle
P0255__1__0___840 0.513 318 76 309 73 315 57 324 60 small-vehicle
P0255__1__0___840 0.524 195 621 172 607 178 596 201 610 large-vehicle
P0255__1__0___840 0.524 400 110 392 107 399 89 407 92 small-vehicle
P0255__1__0___840 0.527 375 102 366 99 372 79 381 82 small-vehicle
P0255__1__0___840 0.528 475 131 464 124 480 98 491 105 large-vehicle
P0255__1__0___840 0.529 444 133 435 131 439 110 448 112 small-vehicle
P0255__1__0___840 0.534 453 138 444 134 450 115 459 119 small-vehicle
P0255__1__0___840 0.539 716 167 706 162 715 142 725 147 small-vehicle
P0255__1__0___840 0.539 169 13 161 10 166 -7 174 -4 small-vehicle
P0255__1__0___840 0.544 775 59 764 53 774 34 785 40 small-vehicle
P0255__1__0___840 0.554 202 27 193 23 201 4 210 8 small-vehicle
P0255__1__0___840 0.556 273 57 265 54 272 36 280 39 small-vehicle
P0255__1__0___840 0.562 173 586 161 583 166 559 178 562 small-vehicle
P0255__1__0___840 0.574 304 25 285 16 289 8 308 17 small-vehicle
P0255__1__0___840 0.579 307 489 286 477 292 468 313 480 small-vehicle
P0255__1__0___840 0.580 20 529 9 526 15 504 26 507 small-vehicle
P0255__1__0___840 0.588 77 871 68 866 78 848 87 853 small-vehicle
P0255__1__0___840 0.595 414 122 406 119 413 101 421 104 small-vehicle
P0255__1__0___840 0.596 326 36 308 28 311 19 329 27 small-vehicle
P0255__1__0___840 0.620 379 372 342 352 354 329 391 349 plane
P0255__1__0___840 0.627 756 72 747 67 757 49 766 54 small-vehicle
P0255__1__0___840 0.637 56 543 44 539 51 518 63 522 small-vehicle
P0255__1__0___840 0.639 367 730 328 708 340 685 379 707 plane
P0255__1__0___840 0.643 226 1009 208 999 213 990 231 1000 small-vehicle
P0255__1__0___840 0.656 153 578 141 575 146 553 158 556 small-vehicle
P0255__1__0___840 0.663 37 535 27 532 34 512 44 515 small-vehicle
P0255__1__0___840 0.673 135 572 123 569 130 547 142 550 small-vehicle
P0255__1__0___840 0.673 192 766 159 747 173 723 206 742 plane
P0255__1__0___840 0.675 707 148 671 126 684 105 720 127 plane
P0255__1__0___840 0.678 289 948 254 926 268 903 303 925 plane
P0255__1__0___840 0.682 403 532 366 511 380 487 417 508 plane
P0255__1__0___840 0.684 67 15 38 0 48 -19 77 -4 plane
P0255__1__0___840 0.684 497 427 465 409 478 384 510 402 plane
P0255__1__0___840 0.687 248 666 217 647 231 625 262 644 plane
P0255__1__0___840 0.688 96 35 65 11 81 -7 112 16 plane
P0255__1__0___840 0.694 268 232 235 217 245 195 278 210 plane
P0255__1__0___840 0.698 380 278 344 262 355 237 391 253 plane
P0255__1__0___840 0.698 548 350 512 332 523 309 559 327 plane
P0255__1__0___840 0.700 360 475 326 452 343 428 377 451 plane
P0255__1__0___840 0.704 308 604 278 586 291 563 321 581 plane
P0255__1__0___840 0.705 648 20 618 0 633 -20 663 0 plane
P0255__1__0___840 0.708 518 164 482 147 493 125 529 142 plane
P0255__1__0___840 0.711 553 191 518 170 532 146 567 167 plane
P0255__1__0___840 0.716 667 126 630 105 644 81 681 102 plane
P0255__1__0___840 0.717 441 516 406 495 420 471 455 492 plane
P0255__1__0___840 0.718 285 689 255 671 268 650 298 668 plane
P0255__1__0___840 0.723 56 236 18 219 29 193 67 210 plane
P0255__1__0___840 0.723 312 832 275 811 289 787 326 808 plane
P0255__1__0___840 0.723 457 405 422 390 434 364 469 379 plane
P0255__1__0___840 0.725 179 286 140 271 150 245 189 260 plane
P0255__1__0___840 0.726 396 164 363 148 375 123 408 139 plane
P0255__1__0___840 0.727 196 800 162 780 175 759 209 779 plane
P0255__1__0___840 0.729 214 189 175 153 199 126 238 162 plane
P0255__1__0___840 0.729 590 121 556 100 571 74 605 95 plane
P0255__1__0___840 0.732 480 538 445 517 459 493 494 514 plane
P0255__1__0___840 0.733 359 147 320 129 332 102 371 120 plane
P0255__1__0___840 0.733 14 218 -23 200 -10 173 27 191 plane
P0255__1__0___840 0.734 254 703 219 682 233 658 268 679 plane
P0255__1__0___840 0.739 189 129 154 114 174 68 209 83 plane
P0255__1__0___840 0.739 667 163 633 142 648 118 682 139 plane
P0255__1__0___840 0.739 215 209 178 189 190 166 227 186 plane
P0255__1__0___840 0.741 240 83 208 64 221 42 253 61 plane
P0255__1__0___840 0.743 136 269 100 253 111 228 147 244 plane
P0255__1__0___840 0.744 298 335 261 317 273 294 310 312 plane
P0255__1__0___840 0.744 411 281 377 261 390 238 424 258 plane
P0255__1__0___840 0.745 233 786 197 765 210 741 246 762 plane
P0255__1__0___840 0.748 235 823 199 805 212 780 248 798 plane
P0255__1__0___840 0.749 178 882 143 859 157 837 192 860 plane
P0255__1__0___840 0.750 667 79 642 70 652 40 677 49 plane
P0255__1__0___840 0.750 218 85 181 66 193 42 230 61 plane
P0255__1__0___840 0.751 438 183 402 166 413 142 449 159 plane
P0255__1__0___840 0.755 725 59 696 42 708 20 737 37 plane
P0255__1__0___840 0.755 303 232 267 216 278 191 314 207 plane
P0255__1__0___840 0.756 687 42 652 21 666 0 701 20 plane
P0255__1__0___840 0.757 586 80 555 60 571 35 602 55 plane
P0255__1__0___840 0.758 191 73 144 64 152 26 199 35 plane
P0255__1__0___840 0.758 491 325 457 311 466 288 500 302 plane
P0255__1__0___840 0.761 140 858 106 836 121 813 155 835 plane
P0255__1__0___840 0.767 361 256 323 239 334 215 372 232 plane
P0255__1__0___840 0.770 526 326 489 311 499 287 536 302 plane
P0255__1__0___840 0.771 97 254 58 236 70 209 109 227 plane
P0255__1__0___840 0.782 261 95 226 78 238 54 273 71 plane
P0255__1__0___840 0.786 284 103 251 92 259 66 292 77 plane
P0255__1__0___840 0.788 591 215 561 198 576 172 606 189 plane
P0255__1__0___840 0.789 136 48 128 22 165 9 173 35 plane
P0255__1__0___840 0.789 470 304 433 287 445 261 482 278 plane
P0255__1__0___840 0.797 256 212 217 191 233 161 272 182 plane
P0255__1__0___840 0.801 326 256 289 240 301 213 338 229 plane
P0255__1__0___840 0.802 517 217 482 204 494 174 529 187 plane
P0255__1__0___840 0.808 474 199 443 183 455 158 486 174 plane
P0255__1__0___840 0.809 629 137 598 120 612 96 643 113 plane
P0255__1__0___840 0.810 723 25 690 7 704 -17 737 0 plane
P0255__1__0___840 0.814 582 363 545 345 561 314 598 332 plane
P0255__1__0___840 0.819 137 47 99 32 110 4 148 19 plane
P0255__1__277___0 0.251 335 851 322 834 330 828 343 845 small-vehicle
P0255__1__277___0 0.251 263 31 254 28 260 10 269 13 small-vehicle
P0255__1__277___0 0.258 0 255 -9 251 -2 228 7 232 small-vehicle
P0255__1__277___0 0.266 10 259 1 256 9 234 18 237 small-vehicle
P0255__1__277___0 0.270 73 605 70 589 78 588 81 604 small-vehicle
P0255__1__277___0 0.271 719 72 702 63 706 55 723 64 small-vehicle
P0255__1__277___0 0.272 159 353 150 349 156 330 165 334 small-vehicle
P0255__1__277___0 0.273 672 152 654 142 659 133 677 143 small-vehicle
P0255__1__277___0 0.275 51 275 43 272 48 254 56 257 small-vehicle
P0255__1__277___0 0.276 50 921 42 918 49 900 57 903 small-vehicle
P0255__1__277___0 0.280 507 46 498 43 506 21 515 24 small-vehicle
P0255__1__277___0 0.281 26 264 16 260 23 241 33 245 small-vehicle
P0255__1__277___0 0.287 7 256 -2 254 4 233 14 235 small-vehicle
P0255__1__277___0 0.289 226 678 216 675 223 655 233 658 small-vehicle
P0255__1__277___0 0.291 314 1020 284 1000 299 977 329 997 plane
P0255__1__277___0 0.301 216 674 206 670 213 649 223 653 small-vehicle
P0255__1__277___0 0.302 431 572 415 562 420 555 436 565 small-vehicle
P0255__1__277___0 0.304 681 14 665 5 670 -2 686 6 small-vehicle
P0255__1__277___0 0.307 679 21 663 11 668 4 684 14 small-vehicle
P0255__1__277___0 0.307 531 58 521 55 528 35 538 38 small-vehicle
P0255__1__277___0 0.308 695 33 677 22 682 14 700 25 small-vehicle
P0255__1__277___0 0.311 15 208 6 205 12 187 21 190 small-vehicle
P0255__1__277___0 0.316 302 92 294 89 299 71 307 74 small-vehicle
P0255__1__277___0 0.318 88 806 50 788 71 745 109 763 helicopter
P0255__1__277___0 0.321 118 337 106 332 117 306 129 311 large-vehicle
P0255__1__277___0 0.326 754 62 744 56 769 11 779 17 large-vehicle
P0255__1__277___0 0.327 370 435 362 432 367 414 375 417 small-vehicle
P0255__1__277___0 0.334 312 1040 284 1022 301 995 329 1013 plane
P0255__1__277___0 0.338 427 582 409 571 414 563 432 574 small-vehicle
P0255__1__277___0 0.341 588 57 573 48 577 42 592 51 small-vehicle
P0255__1__277___0 0.343 372 674 355 664 359 657 376 667 small-vehicle
P0255__1__277___0 0.343 149 966 140 964 144 943 153 945 small-vehicle
P0255__1__277___0 0.349 528 118 519 114 527 95 536 99 small-vehicle
P0255__1__277___0 0.351 606 151 598 148 605 130 613 133 small-vehicle
P0255__1__277___0 0.365 723 64 707 55 712 47 728 56 small-vehicle
P0255__1__277___0 0.368 21 590 12 588 18 569 27 571 small-vehicle
P0255__1__277___0 0.368 381 657 363 647 368 638 386 648 small-vehicle
P0255__1__277___0 0.371 646 68 632 58 637 51 651 61 small-vehicle
P0255__1__277___0 0.375 675 145 659 135 664 128 680 138 small-vehicle
P0255__1__277___0 0.375 713 78 698 70 702 63 717 71 small-vehicle
P0255__1__277___0 0.375 188 668 177 664 187 639 198 643 large-vehicle
P0255__1__277___0 0.379 285 376 275 372 282 351 292 355 small-vehicle
P0255__1__277___0 0.381 437 565 419 554 424 546 442 557 small-vehicle
P0255__1__277___0 0.387 7 58 -9 49 -5 41 11 50 small-vehicle
P0255__1__277___0 0.391 110 633 98 629 111 594 123 598 large-vehicle
P0255__1__277___0 0.394 173 657 164 653 172 632 181 636 small-vehicle
P0255__1__277___0 0.395 287 703 278 699 284 680 293 684 small-vehicle
P0255__1__277___0 0.397 731 46 715 35 720 27 736 38 small-vehicle
P0255__1__277___0 0.398 138 23 129 20 135 2 144 5 small-vehicle
P0255__1__277___0 0.398 200 673 189 669 199 642 210 646 large-vehicle
P0255__1__277___0 0.404 742 29 724 18 729 10 747 21 small-vehicle
P0255__1__277___0 0.405 24 12 7 3 11 -4 28 4 small-vehicle
P0255__1__277___0 0.405 577 82 562 74 566 67 581 75 small-vehicle
P0255__1__277___0 0.406 195 905 174 900 176 890 197 895 large-vehicle
P0255__1__277___0 0.407 149 27 140 24 146 4 155 7 small-vehicle
P0255__1__277___0 0.407 619 45 603 36 608 28 624 37 small-vehicle
P0255__1__277___0 0.407 736 38 719 27 723 19 740 30 small-vehicle
P0255__1__277___0 0.408 303 711 295 707 302 690 310 694 small-vehicle
P0255__1__277___0 0.410 691 121 672 110 676 102 695 113 small-vehicle
P0255__1__277___0 0.411 247 70 237 68 242 47 252 49 small-vehicle
P0255__1__277___0 0.412 5 901 -2 898 4 878 12 881 small-vehicle
P0255__1__277___0 0.413 91 348 77 338 82 331 96 341 small-vehicle
P0255__1__277___0 0.414 44 226 34 224 41 203 51 205 small-vehicle
P0255__1__277___0 0.414 585 66 569 57 574 49 590 58 small-vehicle
P0255__1__277___0 0.415 19 31 1 22 4 14 22 23 small-vehicle
P0255__1__277___0 0.415 236 19 227 16 233 -1 242 1 small-vehicle
P0255__1__277___0 0.415 521 15 510 11 518 -11 529 -7 small-vehicle
P0255__1__277___0 0.416 532 19 523 14 531 -3 540 1 small-vehicle
P0255__1__277___0 0.416 14 905 6 901 13 884 21 888 small-vehicle
P0255__1__277___0 0.418 106 946 98 943 105 923 113 926 small-vehicle
P0255__1__277___0 0.418 705 96 686 85 690 77 709 88 small-vehicle
P0255__1__277___0 0.419 17 259 8 255 16 236 25 240 small-vehicle
P0255__1__277___0 0.421 336 396 327 393 333 373 342 376 small-vehicle
P0255__1__277___0 0.421 175 977 167 974 174 956 182 959 small-vehicle
P0255__1__277___0 0.423 669 90 652 81 656 73 673 82 small-vehicle
P0255__1__277___0 0.424 607 27 590 17 594 10 611 20 small-vehicle
P0255__1__277___0 0.424 227 16 218 13 224 -6 233 -3 small-vehicle
P0255__1__277___0 0.424 166 973 156 971 161 950 171 952 small-vehicle
P0255__1__277___0 0.425 623 159 614 156 622 138 631 141 small-vehicle
P0255__1__277___0 0.425 643 78 627 67 632 59 648 70 small-vehicle
P0255__1__277___0 0.427 63 279 53 277 58 256 68 258 small-vehicle
P0255__1__277___0 0.428 685 128 667 117 672 109 690 120 small-vehicle
P0255__1__277___0 0.428 256 26 246 24 251 5 261 7 small-vehicle
P0255__1__277___0 0.428 22 908 13 905 21 887 30 890 small-vehicle
P0255__1__277___0 0.433 598 81 581 72 585 64 602 73 small-vehicle
P0255__1__277___0 0.434 97 941 88 938 94 920 103 923 small-vehicle
P0255__1__277___0 0.434 49 353 39 350 46 330 56 333 small-vehicle
P0255__1__277___0 0.434 610 20 594 10 599 3 615 13 small-vehicle
P0255__1__277___0 0.435 127 18 120 15 126 0 133 2 small-vehicle
P0255__1__277___0 0.437 693 111 677 101 682 94 698 104 small-vehicle
P0255__1__277___0 0.437 114 947 106 944 113 926 121 929 small-vehicle
P0255__1__277___0 0.440 681 136 665 126 670 119 686 129 small-vehicle
P0255__1__277___0 0.440 728 56 711 45 715 37 732 48 small-vehicle
P0255__1__277___0 0.442 156 970 147 968 153 947 162 949 small-vehicle
P0255__1__277___0 0.445 31 913 23 909 30 892 38 896 small-vehicle
P0255__1__277___0 0.445 273 36 264 33 270 15 279 18 small-vehicle
P0255__1__277___0 0.446 223 807 219 796 256 784 260 795 large-vehicle
P0255__1__277___0 0.450 281 39 273 36 280 18 288 21 small-vehicle
P0255__1__277___0 0.452 133 637 124 634 130 616 139 619 small-vehicle
P0255__1__277___0 0.454 710 87 693 77 697 70 714 80 small-vehicle
P0255__1__277___0 0.455 88 939 79 936 85 916 94 919 small-vehicle
P0255__1__277___0 0.456 23 214 14 211 20 193 29 196 small-vehicle
P0255__1__277___0 0.457 4 584 -5 582 0 559 9 561 small-vehicle
P0255__1__277___0 0.460 257 725 248 722 256 700 265 703 large-vehicle
P0255__1__277___0 0.462 667 37 651 28 656 20 672 29 small-vehicle
P0255__1__277___0 0.462 659 95 643 86 648 78 664 87 small-vehicle
P0255__1__277___0 0.465 612 60 595 51 599 43 616 52 small-vehicle
P0255__1__277___0 0.465 366 407 356 405 363 384 373 386 small-vehicle
P0255__1__277___0 0.470 287 88 279 86 284 69 292 71 small-vehicle
P0255__1__277___0 0.471 638 15 621 6 625 -1 642 7 small-vehicle
P0255__1__277___0 0.473 603 34 588 26 592 19 607 27 small-vehicle
P0255__1__277___0 0.473 256 362 246 360 253 339 263 341 small-vehicle
P0255__1__277___0 0.473 633 93 617 83 622 76 638 86 small-vehicle
P0255__1__277___0 0.475 103 656 94 654 98 637 107 639 small-vehicle
P0255__1__277___0 0.476 139 963 130 960 136 940 145 943 small-vehicle
P0255__1__277___0 0.478 246 24 237 21 243 1 252 4 small-vehicle
P0255__1__277___0 0.483 72 368 64 365 71 347 79 350 small-vehicle
P0255__1__277___0 0.485 269 696 260 694 266 675 275 677 small-vehicle
P0255__1__277___0 0.486 615 53 599 44 604 36 620 45 small-vehicle
P0255__1__277___0 0.487 335 110 326 106 334 87 343 91 small-vehicle
P0255__1__277___0 0.490 28 866 8 857 11 849 31 858 small-vehicle
P0255__1__277___0 0.490 594 51 577 41 581 34 598 44 small-vehicle
P0255__1__277___0 0.490 30 593 21 591 27 574 36 576 small-vehicle
P0255__1__277___0 0.493 12 38 -4 31 0 23 16 30 small-vehicle
P0255__1__277___0 0.499 553 128 545 124 552 107 560 111 small-vehicle
P0255__1__277___0 0.499 38 596 30 594 35 577 43 579 small-vehicle
P0255__1__277___0 0.500 237 65 228 62 234 44 243 47 small-vehicle
P0255__1__277___0 0.502 278 699 269 697 275 678 284 680 small-vehicle
P0255__1__277___0 0.503 40 917 32 914 39 896 47 899 small-vehicle
P0255__1__277___0 0.507 13 588 3 586 8 567 18 569 small-vehicle
P0255__1__277___0 0.511 2 529 -6 525 1 506 10 510 small-vehicle
P0255__1__277___0 0.511 653 62 637 51 642 43 658 54 small-vehicle
P0255__1__277___0 0.512 333 62 324 58 332 39 341 43 small-vehicle
P0255__1__277___0 0.513 438 1008 428 1003 437 983 447 988 small-vehicle
P0255__1__277___0 0.513 49 875 31 868 34 860 52 867 small-vehicle
P0255__1__277___0 0.515 617 12 600 3 604 -4 621 4 small-vehicle
P0255__1__277___0 0.515 399 631 380 620 384 612 403 623 small-vehicle
P0255__1__277___0 0.516 216 500 174 480 197 431 239 451 helicopter
P0255__1__277___0 0.519 514 290 480 274 485 263 519 279 large-vehicle
P0255__1__277___0 0.520 375 411 366 409 372 390 381 392 small-vehicle
P0255__1__277___0 0.520 280 745 269 740 281 708 292 713 large-vehicle
P0255__1__277___0 0.522 264 367 255 363 263 344 272 348 small-vehicle
P0255__1__277___0 0.522 228 379 218 375 225 356 235 360 small-vehicle
P0255__1__277___0 0.523 704 12 687 2 691 -4 708 5 small-vehicle
P0255__1__277___0 0.524 122 950 114 947 121 929 129 932 small-vehicle
P0255__1__277___0 0.525 211 853 208 845 232 836 235 844 large-vehicle
P0255__1__277___0 0.526 633 164 624 161 632 143 641 146 small-vehicle
P0255__1__277___0 0.529 699 104 681 93 686 85 704 96 small-vehicle
P0255__1__277___0 0.530 171 353 162 350 168 334 177 337 small-vehicle
P0255__1__277___0 0.532 275 371 265 368 272 348 282 351 small-vehicle
P0255__1__277___0 0.532 63 362 55 359 62 341 70 344 small-vehicle
P0255__1__277___0 0.533 44 272 35 270 41 251 50 253 small-vehicle
P0255__1__277___0 0.533 293 378 284 374 290 355 299 359 small-vehicle
P0255__1__277___0 0.534 657 54 641 45 646 37 662 46 small-vehicle
P0255__1__277___0 0.535 718 510 710 504 721 485 729 491 small-vehicle
P0255__1__277___0 0.536 593 90 576 82 580 73 597 81 small-vehicle
P0255__1__277___0 0.537 212 56 203 54 209 35 218 37 small-vehicle
P0255__1__277___0 0.538 581 74 565 65 570 57 586 66 small-vehicle
P0255__1__277___0 0.538 393 642 373 632 378 623 398 633 small-vehicle
P0255__1__277___0 0.539 296 576 259 560 281 507 318 523 helicopter
P0255__1__277___0 0.539 98 629 87 625 101 590 112 594 large-vehicle
P0255__1__277___0 0.545 445 473 436 470 442 452 451 455 small-vehicle
P0255__1__277___0 0.545 675 66 658 57 662 49 679 58 small-vehicle
P0255__1__277___0 0.548 663 45 646 36 650 28 667 37 small-vehicle
P0255__1__277___0 0.549 640 119 626 110 631 102 645 111 small-vehicle
P0255__1__277___0 0.550 312 386 302 382 309 361 319 365 small-vehicle
P0255__1__277___0 0.551 47 599 38 597 44 580 53 582 small-vehicle
P0255__1__277___0 0.552 638 86 622 75 627 67 643 78 small-vehicle
P0255__1__277___0 0.553 93 292 83 290 88 269 98 271 small-vehicle
P0255__1__277___0 0.554 570 139 560 134 569 114 579 119 small-vehicle
P0255__1__277___0 0.555 151 349 141 346 148 326 158 329 small-vehicle
P0255__1__277___0 0.559 497 899 487 893 498 874 508 880 small-vehicle
P0255__1__277___0 0.563 13 618 4 616 8 597 17 599 small-vehicle
P0255__1__277___0 0.566 518 114 509 110 517 91 526 95 small-vehicle
P0255__1__277___0 0.566 589 98 573 90 576 83 592 91 small-vehicle
P0255__1__277___0 0.567 147 315 138 312 144 294 153 297 small-vehicle
P0255__1__277___0 0.567 112 298 101 295 107 273 118 276 small-vehicle
P0255__1__277___0 0.570 30 219 22 216 29 198 37 201 small-vehicle
P0255__1__277___0 0.571 597 148 588 145 594 125 603 128 small-vehicle
P0255__1__277___0 0.572 21 21 4 13 8 4 25 12 small-vehicle
P0255__1__277___0 0.572 588 146 578 142 585 121 595 125 small-vehicle
P0255__1__277___0 0.573 607 67 592 59 596 52 611 60 small-vehicle
P0255__1__277___0 0.574 328 394 319 391 325 371 334 374 small-vehicle
P0255__1__277___0 0.576 232 791 227 779 267 764 272 776 large-vehicle
P0255__1__277___0 0.577 271 639 233 625 238 612 276 626 large-vehicle
P0255__1__277___0 0.578 235 755 169 729 174 716 240 742 large-vehicle
P0255__1__277___0 0.580 672 29 656 19 661 12 677 22 small-vehicle
P0255__1__277___0 0.581 480 912 471 907 479 889 488 894 small-vehicle
P0255__1__277___0 0.583 342 67 333 63 341 44 350 48 small-vehicle
P0255__1__277___0 0.584 307 411 296 408 302 388 313 391 small-vehicle
P0255__1__277___0 0.585 682 53 665 43 669 36 686 46 small-vehicle
P0255__1__277___0 0.593 7 285 -1 282 4 262 13 265 small-vehicle
P0255__1__277___0 0.595 49 307 39 304 46 282 56 285 small-vehicle
P0255__1__277___0 0.596 598 43 581 34 585 26 602 35 small-vehicle
P0255__1__277___0 0.597 346 402 336 398 343 377 353 381 small-vehicle
P0255__1__277___0 0.599 247 359 237 355 244 334 254 338 small-vehicle
P0255__1__277___0 0.599 614 154 606 151 613 133 621 136 small-vehicle
P0255__1__277___0 0.601 11 532 3 528 10 511 18 515 small-vehicle
P0255__1__277___0 0.602 315 52 306 49 312 31 321 34 small-vehicle
P0255__1__277___0 0.604 25 293 15 290 22 270 32 273 small-vehicle
P0255__1__277___0 0.604 401 453 392 449 398 430 407 434 small-vehicle
P0255__1__277___0 0.609 625 37 608 28 612 20 629 29 small-vehicle
P0255__1__277___0 0.612 6 943 -28 930 -18 904 16 917 plane
P0255__1__277___0 0.619 411 427 401 423 408 404 418 408 small-vehicle
P0255__1__277___0 0.620 199 971 187 964 202 938 214 945 large-vehicle
P0255__1__277___0 0.622 921 133 885 111 898 90 934 112 plane
P0255__1__277___0 0.623 571 93 555 84 560 76 576 85 small-vehicle
P0255__1__277___0 0.624 698 24 682 15 687 7 703 16 small-vehicle
P0255__1__277___0 0.625 324 58 315 54 323 35 332 39 small-vehicle
P0255__1__277___0 0.627 357 405 348 401 354 382 363 386 small-vehicle
P0255__1__277___0 0.633 629 101 613 92 618 84 634 93 small-vehicle
P0255__1__277___0 0.635 527 282 486 263 492 251 533 270 large-vehicle
P0255__1__277___0 0.636 686 44 669 35 673 27 690 36 small-vehicle
P0255__1__277___0 0.640 554 34 545 29 555 9 564 14 small-vehicle
P0255__1__277___0 0.644 236 383 226 379 233 360 243 364 small-vehicle
P0255__1__277___0 0.646 398 91 388 88 395 66 405 69 small-vehicle
P0255__1__277___0 0.649 880 204 845 183 859 161 894 182 plane
P0255__1__277___0 0.651 630 451 602 435 613 416 641 432 plane
P0255__1__277___0 0.652 209 374 200 370 208 351 217 355 small-vehicle
P0255__1__277___0 0.656 648 108 632 98 637 91 653 101 small-vehicle
P0255__1__277___0 0.660 634 23 617 14 621 6 638 15 small-vehicle
P0255__1__277___0 0.662 34 267 26 264 33 246 41 249 small-vehicle
P0255__1__277___0 0.665 334 427 325 423 331 404 340 408 small-vehicle
P0255__1__277___0 0.668 823 300 791 280 804 259 836 279 plane
P0255__1__277___0 0.678 658 594 620 576 631 553 669 571 plane
P0255__1__277___0 0.681 654 332 619 312 633 289 668 309 plane
P0255__1__277___0 0.681 540 787 509 769 521 748 552 766 plane
P0255__1__277___0 0.681 277 1029 241 1009 254 986 290 1006 plane
P0255__1__277___0 0.684 390 965 354 945 367 922 403 942 plane
P0255__1__277___0 0.684 291 44 281 40 288 21 298 25 small-vehicle
P0255__1__277___0 0.685 239 1006 204 989 216 965 251 982 plane
P0255__1__277___0 0.685 626 111 609 102 613 94 630 103 small-vehicle
P0255__1__277___0 0.695 672 514 638 489 655 465 689 490 plane
P0255__1__277___0 0.697 305 786 293 779 312 745 324 752 large-vehicle
P0255__1__277___0 0.697 298 763 287 758 305 720 316 725 large-vehicle
P0255__1__277___0 0.704 522 649 488 629 501 606 535 626 plane
P0255__1__277___0 0.705 390 920 364 911 375 879 401 888 plane
P0255__1__277___0 0.709 597 696 560 674 576 647 613 669 plane
P0255__1__277___0 0.710 246 391 236 387 243 366 253 370 small-vehicle
P0255__1__277___0 0.710 448 898 419 882 431 861 460 877 plane
P0255__1__277___0 0.713 309 920 278 900 294 875 325 895 plane
P0255__1__277___0 0.718 81 985 44 968 56 942 93 959 plane
P0255__1__277___0 0.720 616 606 584 589 597 565 629 582 plane
P0255__1__277___0 0.722 465 782 435 764 448 743 478 761 plane
P0255__1__277___0 0.724 314 959 279 939 293 914 328 934 plane
P0255__1__277___0 0.727 430 986 395 965 407 945 442 966 plane
P0255__1__277___0 0.730 613 574 580 553 594 531 627 552 plane
P0255__1__277___0 0.736 407 846 374 826 388 803 421 823 plane
P0255__1__277___0 0.738 766 139 730 117 745 92 781 114 plane
P0255__1__277___0 0.740 201 1042 165 1023 178 997 214 1016 plane
P0255__1__277___0 0.750 448 865 413 847 425 824 460 842 plane
P0255__1__277___0 0.750 616 346 582 330 595 305 629 321 plane
P0255__1__277___0 0.751 409 884 374 862 388 839 423 861 plane
P0255__1__277___0 0.754 161 1023 125 1006 136 982 172 999 plane
P0255__1__277___0 0.759 392 1001 357 981 371 958 406 978 plane
P0255__1__277___0 0.759 808 65 774 48 785 26 819 43 plane
P0255__1__277___0 0.760 119 1004 86 988 98 963 131 979 plane
P0255__1__277___0 0.767 371 860 337 839 354 811 388 832 plane
P0255__1__277___0 0.789 352 977 322 960 335 936 365 953 plane
P0255__1__277___0 0.796 842 88 812 72 825 49 855 65 plane
P0255__1__277___824 0.318 196 79 173 75 175 66 198 70 large-vehicle
P0255__1__277___824 0.326 157 667 148 662 160 638 169 643 large-vehicle
P0255__1__277___824 0.330 147 142 139 140 144 119 152 121 small-vehicle
P0255__1__277___824 0.346 49 97 41 94 48 76 56 79 small-vehicle
P0255__1__277___824 0.364 81 413 63 401 68 394 86 406 small-vehicle
P0255__1__277___824 0.414 106 120 98 117 105 99 113 102 small-vehicle
P0255__1__277___824 0.419 138 138 129 136 135 117 144 119 small-vehicle
P0255__1__277___824 0.430 22 85 13 82 21 64 30 67 small-vehicle
P0255__1__277___824 0.438 176 154 167 150 173 131 182 135 small-vehicle
P0255__1__277___824 0.438 114 123 106 120 113 102 121 105 small-vehicle
P0255__1__277___824 0.443 14 81 5 78 13 60 22 63 small-vehicle
P0255__1__277___824 0.458 97 117 88 115 94 96 103 98 small-vehicle
P0255__1__277___824 0.462 198 147 187 141 203 114 214 120 large-vehicle
P0255__1__277___824 0.468 88 114 79 112 85 91 94 93 small-vehicle
P0255__1__277___824 0.473 31 89 23 85 30 68 38 72 small-vehicle
P0255__1__277___824 0.478 147 311 136 307 146 282 157 286 large-vehicle
P0255__1__277___824 0.482 166 149 157 147 161 126 170 128 small-vehicle
P0255__1__277___824 0.484 6 78 -2 75 3 55 12 58 small-vehicle
P0255__1__277___824 0.484 157 145 147 143 152 122 162 124 small-vehicle
P0255__1__277___824 0.493 213 29 210 20 232 12 235 21 large-vehicle
P0255__1__277___824 0.502 40 93 32 90 39 72 47 75 small-vehicle
P0255__1__277___824 0.507 123 125 115 122 122 104 130 107 small-vehicle
P0255__1__277___824 0.526 438 183 428 178 437 158 447 163 small-vehicle
P0255__1__277___824 0.530 30 505 10 494 15 484 35 495 small-vehicle
P0255__1__277___824 0.535 9 118 -26 106 -17 79 18 91 plane
P0255__1__277___824 0.539 28 42 8 33 11 25 31 34 small-vehicle
P0255__1__277___824 0.557 49 51 31 44 34 36 52 43 small-vehicle
P0255__1__277___824 0.561 497 75 487 69 498 50 508 56 small-vehicle
P0255__1__277___824 0.562 13 965 -25 943 -11 918 27 940 plane
P0255__1__277___824 0.572 480 88 471 83 479 65 488 70 small-vehicle
P0255__1__277___824 0.589 31 619 1 601 14 580 44 598 plane
P0255__1__277___824 0.598 91 746 52 724 64 701 103 723 plane
P0255__1__277___824 0.671 430 162 395 142 407 121 442 141 plane
P0255__1__277___824 0.671 102 388 65 369 77 345 114 364 plane
P0255__1__277___824 0.680 448 75 419 58 431 36 460 53 plane
P0255__1__277___824 0.681 7 705 -25 685 -11 662 21 682 plane
P0255__1__277___824 0.693 371 37 336 16 352 -9 387 11 plane
P0255__1__277___824 0.695 390 141 354 121 367 98 403 118 plane
P0255__1__277___824 0.695 82 272 46 255 57 231 93 248 plane
P0255__1__277___824 0.696 276 205 241 185 255 162 290 182 plane
P0255__1__277___824 0.702 35 849 -3 827 10 802 49 824 plane
P0255__1__277___824 0.704 313 136 279 116 294 91 328 111 plane
P0255__1__277___824 0.708 240 180 206 163 217 141 251 158 plane
P0255__1__277___824 0.711 390 96 364 87 375 55 401 64 plane
P0255__1__277___824 0.715 81 162 44 145 56 119 93 136 plane
P0255__1__277___824 0.724 271 366 235 348 246 325 282 343 plane
P0255__1__277___824 0.730 165 532 128 511 142 487 179 508 plane
P0255__1__277___824 0.730 83 491 49 468 66 444 100 467 plane
P0255__1__277___824 0.732 126 548 91 526 105 503 140 525 plane
P0255__1__277___824 0.733 180 421 145 405 157 380 192 396 plane
P0255__1__277___824 0.735 215 340 181 326 190 303 224 317 plane
P0255__1__277___824 0.735 203 553 168 534 182 510 217 529 plane
P0255__1__277___824 0.736 220 443 188 425 201 400 233 418 plane
P0255__1__277___824 0.736 161 198 125 181 136 157 172 174 plane
P0255__1__277___824 0.737 250 342 212 327 221 303 259 318 plane
P0255__1__277___824 0.738 135 297 99 276 112 254 148 275 plane
P0255__1__277___824 0.738 104 294 68 278 79 253 115 269 plane
P0255__1__277___824 0.748 193 320 156 303 168 277 205 294 plane
P0255__1__277___824 0.761 409 59 374 37 388 14 423 36 plane
P0255__1__277___824 0.764 305 380 268 359 284 329 321 350 plane
P0255__1__277___824 0.764 25 248 -10 231 0 207 36 224 plane
P0255__1__277___824 0.765 309 96 278 76 294 51 325 71 plane
P0255__1__277___824 0.774 448 41 413 23 425 0 460 18 plane
P0255__1__277___824 0.777 392 177 357 157 371 134 406 154 plane
P0255__1__277___824 0.780 119 179 86 163 98 138 131 154 plane
P0255__1__277___824 0.781 22 350 -10 335 0 313 32 328 plane
P0255__1__277___824 0.783 49 271 13 256 24 230 60 245 plane
P0255__1__277___824 0.789 198 215 167 199 179 174 210 190 plane
P0255__1__277___824 0.789 240 232 206 219 217 189 251 202 plane
P0255__1__277___824 0.802 352 153 322 136 335 112 365 129 plane
P0255__1__277___824 0.810 314 231 284 213 299 188 329 206 plane
P0255__1__277___824 0.810 407 21 375 2 388 -19 420 0 plane
P0255__1__277___840 0.263 49 82 40 78 48 59 57 63 small-vehicle
P0255__1__277___840 0.323 157 651 148 646 160 622 169 627 large-vehicle
P0255__1__277___840 0.332 147 126 139 124 144 103 152 105 small-vehicle
P0255__1__277___840 0.354 196 64 173 59 175 49 198 54 large-vehicle
P0255__1__277___840 0.360 81 397 63 385 68 378 86 390 small-vehicle
P0255__1__277___840 0.410 14 65 6 62 13 44 21 47 small-vehicle
P0255__1__277___840 0.414 106 105 98 102 105 84 113 87 small-vehicle
P0255__1__277___840 0.415 216 13 212 4 231 -3 235 5 large-vehicle
P0255__1__277___840 0.433 114 107 106 104 113 86 121 89 small-vehicle
P0255__1__277___840 0.437 147 295 136 291 146 266 157 270 large-vehicle
P0255__1__277___840 0.441 31 73 23 69 30 52 38 56 small-vehicle
P0255__1__277___840 0.449 138 122 129 120 135 101 144 103 small-vehicle
P0255__1__277___840 0.453 167 133 157 132 160 110 170 111 small-vehicle
P0255__1__277___840 0.453 22 69 13 66 21 48 30 51 small-vehicle
P0255__1__277___840 0.453 88 97 79 95 85 74 94 76 small-vehicle
P0255__1__277___840 0.457 157 129 147 127 152 106 162 108 small-vehicle
P0255__1__277___840 0.461 176 137 167 134 173 116 182 119 small-vehicle
P0255__1__277___840 0.462 98 101 89 99 95 80 104 82 small-vehicle
P0255__1__277___840 0.483 6 62 -2 59 3 39 12 42 small-vehicle
P0255__1__277___840 0.493 40 77 32 74 39 56 47 59 small-vehicle
P0255__1__277___840 0.528 199 131 187 124 202 98 214 105 large-vehicle
P0255__1__277___840 0.528 30 489 10 478 15 468 35 479 small-vehicle
P0255__1__277___840 0.530 123 109 115 106 122 88 130 91 small-vehicle
P0255__1__277___840 0.532 49 35 31 28 34 20 52 27 small-vehicle
P0255__1__277___840 0.544 438 167 428 162 437 142 447 147 small-vehicle
P0255__1__277___840 0.546 28 26 8 17 11 9 31 18 small-vehicle
P0255__1__277___840 0.550 10 102 -26 91 -18 63 18 74 plane
P0255__1__277___840 0.557 497 59 487 53 498 34 508 40 small-vehicle
P0255__1__277___840 0.569 480 72 471 67 479 49 488 54 small-vehicle
P0255__1__277___840 0.586 13 949 -25 927 -11 902 27 924 plane
P0255__1__277___840 0.594 31 603 1 586 14 564 44 581 plane
P0255__1__277___840 0.603 90 730 52 707 65 685 103 708 plane
P0255__1__277___840 0.672 430 146 395 126 407 105 442 125 plane
P0255__1__277___840 0.683 448 58 419 41 431 19 460 36 plane
P0255__1__277___840 0.686 83 256 45 239 56 215 94 232 plane
P0255__1__277___840 0.688 102 371 65 352 77 328 114 347 plane
P0255__1__277___840 0.689 390 126 354 106 367 81 403 101 plane
P0255__1__277___840 0.691 276 190 241 170 255 147 290 167 plane
P0255__1__277___840 0.691 7 690 -26 668 -11 645 22 667 plane
P0255__1__277___840 0.702 35 833 -3 811 10 786 49 808 plane
P0255__1__277___840 0.706 240 165 205 148 215 126 250 143 plane
P0255__1__277___840 0.707 81 146 44 129 56 103 93 120 plane
P0255__1__277___840 0.707 313 120 279 100 294 75 328 95 plane
P0255__1__277___840 0.715 390 80 364 71 375 39 401 48 plane
P0255__1__277___840 0.727 126 532 91 510 105 487 140 509 plane
P0255__1__277___840 0.728 215 324 180 310 190 287 225 301 plane
P0255__1__277___840 0.728 272 349 235 331 245 310 282 328 plane
P0255__1__277___840 0.732 165 516 128 495 142 471 179 492 plane
P0255__1__277___840 0.734 201 538 168 517 182 493 215 514 plane
P0255__1__277___840 0.734 182 406 145 389 157 363 194 380 plane
P0255__1__277___840 0.736 250 326 212 311 221 287 259 302 plane
P0255__1__277___840 0.736 136 281 100 260 113 238 149 259 plane
P0255__1__277___840 0.737 84 474 49 451 65 427 100 450 plane
P0255__1__277___840 0.741 161 182 125 165 136 141 172 158 plane
P0255__1__277___840 0.743 222 426 189 409 201 385 234 402 plane
P0255__1__277___840 0.745 372 20 343 1 357 -20 386 -1 plane
P0255__1__277___840 0.747 105 278 69 262 80 237 116 253 plane
P0255__1__277___840 0.747 193 304 156 287 168 261 205 278 plane
P0255__1__277___840 0.762 25 232 -10 215 0 191 36 208 plane
P0255__1__277___840 0.766 309 80 278 60 294 35 325 55 plane
P0255__1__277___840 0.768 305 364 268 343 284 313 321 334 plane
P0255__1__277___840 0.768 409 44 374 22 388 0 423 21 plane
P0255__1__277___840 0.772 391 161 358 141 372 118 405 138 plane
P0255__1__277___840 0.775 447 27 413 8 426 -15 460 3 plane
P0255__1__277___840 0.781 119 163 86 147 98 122 131 138 plane
P0255__1__277___840 0.781 49 255 13 240 24 214 60 229 plane
P0255__1__277___840 0.782 22 334 -10 319 0 297 32 312 plane
P0255__1__277___840 0.787 199 199 166 183 178 158 211 174 plane
P0255__1__277___840 0.790 352 137 322 120 335 96 365 113 plane
P0255__1__277___840 0.794 240 217 206 204 217 174 251 187 plane
P0255__1__277___840 0.803 314 216 285 199 299 173 328 190 plane
