P0252__1__0___0 0.306 264 289 263 271 311 270 312 288 small-vehicle
P0252__1__0___0 0.634 299 659 255 483 340 462 384 638 tennis-court
P0252__1__0___0 0.661 990 584 948 399 1035 379 1077 564 tennis-court
P0252__1__0___0 0.667 635 624 594 446 678 427 719 605 tennis-court
P0252__1__0___0 0.694 270 981 226 804 309 784 353 961 tennis-court
P0252__1__0___0 0.697 780 935 736 758 819 738 863 915 tennis-court
P0252__1__0___0 0.707 643 966 603 790 686 771 726 947 tennis-court
P0252__1__0___0 0.722 407 946 360 770 442 749 489 925 tennis-court
P0252__1__0___0 0.740 434 623 393 447 477 428 518 604 tennis-court
P0252__1__0___0 0.745 770 590 729 412 813 393 854 571 tennis-court
P0252__1__0___350 0.375 994 923 957 762 1033 744 1070 905 tennis-court
P0252__1__0___350 0.615 635 273 594 97 678 78 719 254 tennis-court
P0252__1__0___350 0.662 856 899 816 723 899 704 939 880 tennis-court
P0252__1__0___350 0.666 991 232 949 48 1034 29 1076 213 tennis-court
P0252__1__0___350 0.675 300 309 256 131 339 110 383 288 tennis-court
P0252__1__0___350 0.710 643 616 602 440 686 421 727 597 tennis-court
P0252__1__0___350 0.711 405 595 362 420 444 400 487 575 tennis-court
P0252__1__0___350 0.715 777 585 736 407 820 388 861 566 tennis-court
P0252__1__0___350 0.716 720 932 679 756 763 737 804 913 tennis-court
P0252__1__0___350 0.716 271 632 224 455 308 433 355 610 tennis-court
P0252__1__0___350 0.717 348 924 301 749 383 727 430 902 tennis-court
P0252__1__0___350 0.728 479 890 436 714 520 693 563 869 tennis-court
P0252__1__0___350 0.734 434 274 393 96 477 77 518 255 tennis-court
P0252__1__0___350 0.738 770 240 729 62 813 43 854 221 tennis-court
P0252__1__824___0 0.322 853 17 847 2 886 -13 892 1 small-vehicle
P0252__1__824___0 0.339 777 73 771 57 806 44 812 60 small-vehicle
P0252__1__824___0 0.358 889 933 882 919 918 902 925 916 small-vehicle
P0252__1__824___0 0.417 918 1010 912 997 945 981 951 994 small-vehicle
P0252__1__824___0 0.427 998 956 991 940 1023 925 1030 941 small-vehicle
P0252__1__824___0 0.512 857 895 852 880 890 866 895 881 small-vehicle
P0252__1__824___0 0.567 875 371 835 210 938 184 978 345 basketball-court
P0252__1__824___0 0.569 -35 592 -78 417 3 397 46 572 tennis-court
P0252__1__824___0 0.596 1000 796 991 781 1025 763 1034 778 small-vehicle
P0252__1__824___0 0.600 921 1035 913 1017 956 996 964 1014 small-vehicle
P0252__1__824___0 0.632 298 544 257 366 341 347 382 525 tennis-court
P0252__1__824___0 0.635 -37 936 -77 758 5 739 45 917 tennis-court
P0252__1__824___0 0.639 892 955 886 940 919 926 925 941 small-vehicle
P0252__1__824___0 0.643 492 141 487 126 523 114 528 129 small-vehicle
P0252__1__824___0 0.667 544 418 520 304 687 269 711 383 swimming-pool
P0252__1__824___0 0.681 167 576 124 401 206 381 249 556 tennis-court
P0252__1__824___0 0.687 293 910 252 732 336 713 377 891 tennis-court
P0252__1__824___350 0.396 998 605 991 591 1023 576 1030 590 small-vehicle
P0252__1__824___350 0.414 1006 879 999 863 1037 846 1044 862 small-vehicle
P0252__1__824___350 0.416 890 583 883 570 919 552 926 565 small-vehicle
P0252__1__824___350 0.493 919 660 912 647 942 631 949 644 small-vehicle
P0252__1__824___350 0.535 299 194 258 16 342 -2 383 175 tennis-court
P0252__1__824___350 0.542 858 544 852 529 889 515 895 530 small-vehicle
P0252__1__824___350 0.563 892 604 886 591 919 577 925 590 small-vehicle
P0252__1__824___350 0.576 -35 240 -77 69 3 49 45 220 tennis-court
P0252__1__824___350 0.612 543 65 521 -42 698 -79 720 28 swimming-pool
P0252__1__824___350 0.613 1000 447 992 432 1027 414 1035 429 small-vehicle
P0252__1__824___350 0.628 -37 585 -77 407 5 388 45 566 tennis-court
P0252__1__824___350 0.653 236 947 195 769 279 750 320 928 tennis-court
P0252__1__824___350 0.663 919 684 911 666 956 645 964 663 small-vehicle
P0252__1__824___350 0.665 696 834 656 656 739 637 779 815 tennis-court
P0252__1__824___350 0.669 165 227 122 51 206 30 249 206 tennis-court
P0252__1__824___350 0.680 294 560 253 382 337 363 378 541 tennis-court
P0252__1__824___350 0.706 562 866 521 688 605 669 646 847 tennis-court
P0252__1__824___350 0.706 371 914 330 736 414 717 455 895 tennis-court
P0252__1__824___350 0.725 32 899 -7 723 75 704 115 880 tennis-court
P0252__1__860___0 0.274 -29 933 -61 778 15 762 47 917 tennis-court
P0252__1__860___0 0.334 742 72 736 56 773 43 779 59 small-vehicle
P0252__1__860___0 0.344 987 853 980 838 1016 822 1023 837 small-vehicle
P0252__1__860___0 0.420 853 934 846 920 882 903 889 917 small-vehicle
P0252__1__860___0 0.446 882 1009 875 995 907 980 914 994 small-vehicle
P0252__1__860___0 0.461 961 957 954 940 990 924 997 941 small-vehicle
P0252__1__860___0 0.473 822 895 816 880 853 866 859 881 small-vehicle
P0252__1__860___0 0.581 456 141 450 126 487 114 493 129 small-vehicle
P0252__1__860___0 0.592 839 371 798 209 900 184 941 346 basketball-court
P0252__1__860___0 0.597 884 1034 876 1017 919 997 927 1014 small-vehicle
P0252__1__860___0 0.646 855 956 849 941 882 927 888 942 small-vehicle
P0252__1__860___0 0.662 508 419 483 304 651 268 676 383 swimming-pool
P0252__1__860___0 0.694 131 575 88 400 170 380 213 555 tennis-court
P0252__1__860___0 0.695 262 545 221 365 305 346 346 526 tennis-court
P0252__1__860___0 0.701 258 909 217 733 301 714 342 890 tennis-court
P0252__1__860___0 0.705 964 797 957 782 991 764 998 779 small-vehicle
P0252__1__860___350 0.272 987 502 980 487 1016 471 1023 486 small-vehicle
P0252__1__860___350 0.281 -28 583 -61 430 14 414 47 567 tennis-court
P0252__1__860___350 0.365 963 605 956 591 988 576 995 590 small-vehicle
P0252__1__860___350 0.450 853 583 846 569 882 552 889 566 small-vehicle
P0252__1__860___350 0.463 881 659 875 647 906 632 912 644 small-vehicle
P0252__1__860___350 0.506 823 545 817 530 854 516 860 531 small-vehicle
P0252__1__860___350 0.560 855 604 849 591 882 577 888 590 small-vehicle
P0252__1__860___350 0.600 508 66 485 -43 663 -80 686 29 swimming-pool
P0252__1__860___350 0.617 964 447 956 432 991 414 999 429 small-vehicle
P0252__1__860___350 0.650 200 947 159 769 243 750 284 928 tennis-court
P0252__1__860___350 0.652 884 683 876 666 919 646 927 663 small-vehicle
P0252__1__860___350 0.676 262 194 221 16 305 -2 346 175 tennis-court
P0252__1__860___350 0.681 -2 898 -42 724 38 705 78 879 tennis-court
P0252__1__860___350 0.686 526 865 485 687 569 668 610 846 tennis-court
P0252__1__860___350 0.688 334 914 293 736 377 717 418 895 tennis-court
P0252__1__860___350 0.688 131 226 88 51 170 31 213 206 tennis-court
P0252__1__860___350 0.695 661 834 620 656 704 637 745 815 tennis-court
P0252__1__860___350 0.696 258 558 218 382 301 363 341 539 tennis-court
P0252__1__860___350 0.715 977 879 969 863 1000 848 1008 864 small-vehicle
