P0258__1__0___0 0.260 3 437 -9 425 -3 418 9 430 small-vehicle
P0258__1__0___0 0.296 152 759 136 743 143 736 159 752 small-vehicle
P0258__1__0___0 0.302 622 73 614 69 625 52 633 56 small-vehicle
P0258__1__0___0 0.302 131 712 112 709 114 701 133 704 small-vehicle
P0258__1__0___0 0.315 618 253 611 248 621 234 628 239 small-vehicle
P0258__1__0___0 0.317 13 854 -9 851 -7 841 15 844 small-vehicle
P0258__1__0___0 0.319 587 51 579 47 588 30 596 34 small-vehicle
P0258__1__0___0 0.321 605 62 596 57 606 41 615 46 small-vehicle
P0258__1__0___0 0.322 317 611 310 605 322 590 329 596 small-vehicle
P0258__1__0___0 0.337 86 1011 78 1006 89 986 97 991 small-vehicle
P0258__1__0___0 0.367 88 765 68 763 69 754 89 756 small-vehicle
P0258__1__0___0 0.370 613 67 604 62 614 44 623 49 small-vehicle
P0258__1__0___0 0.376 62 800 38 797 39 789 63 792 small-vehicle
P0258__1__0___0 0.387 100 718 65 686 73 677 108 709 large-vehicle
P0258__1__0___0 0.403 66 752 40 729 47 721 73 744 large-vehicle
P0258__1__0___0 0.405 524 600 516 595 529 575 537 580 small-vehicle
P0258__1__0___0 0.415 52 809 31 807 31 798 52 800 small-vehicle
P0258__1__0___0 0.428 32 684 25 678 37 665 44 671 small-vehicle
P0258__1__0___0 0.439 586 515 578 510 587 494 595 499 small-vehicle
P0258__1__0___0 0.442 632 81 624 76 635 58 643 63 small-vehicle
P0258__1__0___0 0.446 77 783 54 782 54 772 77 773 small-vehicle
P0258__1__0___0 0.455 158 751 143 736 149 730 164 745 small-vehicle
P0258__1__0___0 0.471 77 731 48 705 56 696 85 722 large-vehicle
P0258__1__0___0 0.482 165 743 150 729 156 722 171 736 small-vehicle
P0258__1__0___0 0.484 61 765 26 735 34 726 69 756 large-vehicle
P0258__1__0___0 0.486 255 679 241 666 246 660 260 673 small-vehicle
P0258__1__0___0 0.487 593 91 585 87 594 70 602 74 small-vehicle
P0258__1__0___0 0.497 40 691 34 685 45 672 51 678 small-vehicle
P0258__1__0___0 0.506 73 743 44 718 52 708 81 733 large-vehicle
P0258__1__0___0 0.516 222 716 206 702 213 695 229 709 small-vehicle
P0258__1__0___0 0.516 706 297 699 292 709 276 716 281 small-vehicle
P0258__1__0___0 0.516 249 688 234 674 240 667 255 681 small-vehicle
P0258__1__0___0 0.519 228 709 212 695 219 688 235 702 small-vehicle
P0258__1__0___0 0.524 97 756 76 754 76 745 97 747 small-vehicle
P0258__1__0___0 0.531 512 684 504 680 511 663 519 667 small-vehicle
P0258__1__0___0 0.537 26 709 19 703 31 690 38 696 small-vehicle
P0258__1__0___0 0.538 51 771 18 743 26 734 59 762 large-vehicle
P0258__1__0___0 0.551 603 101 596 96 606 80 613 85 small-vehicle
P0258__1__0___0 0.553 88 724 57 696 65 687 96 715 large-vehicle
P0258__1__0___0 0.567 237 700 223 686 230 679 244 693 small-vehicle
P0258__1__0___0 0.571 104 746 84 744 85 735 105 737 small-vehicle
P0258__1__0___0 0.612 179 729 163 715 170 708 186 722 small-vehicle
P0258__1__0___0 0.614 17 702 10 696 22 681 29 687 small-vehicle
P0258__1__0___0 0.650 550 199 523 174 541 156 568 181 plane
P0258__1__0___0 0.656 25 836 7 832 8 823 26 827 small-vehicle
P0258__1__0___0 0.672 224 993 199 980 219 942 244 955 plane
P0258__1__0___0 0.672 535 487 510 466 524 450 549 471 plane
P0258__1__0___0 0.683 644 288 620 265 635 249 659 272 plane
P0258__1__0___0 0.688 438 374 411 347 431 327 458 354 plane
P0258__1__0___0 0.693 564 329 534 301 553 280 583 308 plane
P0258__1__0___0 0.693 334 937 309 922 333 884 358 899 plane
P0258__1__0___0 0.701 563 164 529 142 544 119 578 141 plane
P0258__1__0___0 0.703 500 271 472 246 491 224 519 249 plane
P0258__1__0___0 0.710 270 564 238 535 257 515 289 544 plane
P0258__1__0___0 0.713 646 129 614 103 631 82 663 108 plane
P0258__1__0___0 0.713 589 193 558 165 578 144 609 172 plane
P0258__1__0___0 0.714 532 297 503 271 521 252 550 278 plane
P0258__1__0___0 0.719 280 893 255 878 275 844 300 859 plane
P0258__1__0___0 0.722 319 981 292 967 314 928 341 942 plane
P0258__1__0___0 0.723 505 632 470 602 490 579 525 609 plane
P0258__1__0___0 0.728 621 223 592 197 612 176 641 202 plane
P0258__1__0___0 0.729 348 607 321 583 339 564 366 588 plane
P0258__1__0___0 0.731 598 356 567 329 585 309 616 336 plane
P0258__1__0___0 0.734 443 735 410 704 428 684 461 715 plane
P0258__1__0___0 0.734 594 397 562 368 581 348 613 377 plane
P0258__1__0___0 0.738 377 474 349 450 366 429 394 453 plane
P0258__1__0___0 0.739 527 338 497 310 516 289 546 317 plane
P0258__1__0___0 0.743 432 407 402 380 421 360 451 387 plane
P0258__1__0___0 0.745 656 251 628 225 645 206 673 232 plane
P0258__1__0___0 0.754 707 187 678 160 696 140 725 167 plane
P0258__1__0___0 0.756 629 387 597 359 618 336 650 364 plane
P0258__1__0___0 0.764 538 460 508 432 527 411 557 439 plane
P0258__1__0___0 0.767 466 440 435 411 455 389 486 418 plane
P0258__1__0___0 0.770 382 637 353 611 373 590 402 616 plane
P0258__1__0___0 0.773 567 487 542 462 560 444 585 469 plane
P0258__1__0___51 0.252 153 708 136 693 142 685 159 701 small-vehicle
P0258__1__0___51 0.258 622 22 615 17 625 1 632 6 small-vehicle
P0258__1__0___51 0.287 12 804 -10 799 -8 789 14 794 small-vehicle
P0258__1__0___51 0.312 618 203 610 197 621 182 629 188 small-vehicle
P0258__1__0___51 0.318 51 758 30 756 30 747 51 749 small-vehicle
P0258__1__0___51 0.323 73 1004 53 995 58 985 78 994 small-vehicle
P0258__1__0___51 0.360 512 634 504 630 511 613 519 617 small-vehicle
P0258__1__0___51 0.363 524 550 515 545 527 525 536 530 small-vehicle
P0258__1__0___51 0.391 130 662 113 658 115 649 132 653 small-vehicle
P0258__1__0___51 0.402 101 666 66 634 74 625 109 657 large-vehicle
P0258__1__0___51 0.405 228 657 213 644 219 636 234 649 small-vehicle
P0258__1__0___51 0.409 593 41 585 37 594 20 602 24 small-vehicle
P0258__1__0___51 0.422 631 29 623 24 634 8 642 13 small-vehicle
P0258__1__0___51 0.425 88 672 58 644 65 635 95 663 large-vehicle
P0258__1__0___51 0.434 65 701 38 678 46 670 73 693 large-vehicle
P0258__1__0___51 0.442 316 560 309 554 321 539 328 545 small-vehicle
P0258__1__0___51 0.442 61 748 39 746 40 737 62 739 small-vehicle
P0258__1__0___51 0.452 49 721 18 693 26 684 57 712 large-vehicle
P0258__1__0___51 0.453 77 680 48 652 56 643 85 671 large-vehicle
P0258__1__0___51 0.456 89 714 69 712 70 703 90 705 small-vehicle
P0258__1__0___51 0.458 86 960 77 956 89 935 98 939 small-vehicle
P0258__1__0___51 0.461 706 247 698 241 709 224 717 230 small-vehicle
P0258__1__0___51 0.482 586 464 578 459 587 443 595 448 small-vehicle
P0258__1__0___51 0.485 60 714 27 684 35 675 68 705 large-vehicle
P0258__1__0___51 0.502 40 641 33 635 45 622 52 628 small-vehicle
P0258__1__0___51 0.505 249 637 234 623 240 616 255 630 small-vehicle
P0258__1__0___51 0.509 77 732 53 731 54 721 78 722 small-vehicle
P0258__1__0___51 0.521 222 664 206 650 213 643 229 657 small-vehicle
P0258__1__0___51 0.526 158 700 143 686 149 679 164 693 small-vehicle
P0258__1__0___51 0.527 532 246 504 219 521 201 549 228 plane
P0258__1__0___51 0.552 604 50 596 45 605 29 613 34 small-vehicle
P0258__1__0___51 0.553 256 628 242 615 247 609 261 622 small-vehicle
P0258__1__0___51 0.556 103 696 83 693 84 683 104 686 small-vehicle
P0258__1__0___51 0.557 32 633 25 627 37 614 44 620 small-vehicle
P0258__1__0___51 0.572 26 658 20 652 31 639 37 645 small-vehicle
P0258__1__0___51 0.595 96 705 76 703 77 694 97 696 small-vehicle
P0258__1__0___51 0.602 72 692 45 668 53 659 80 683 large-vehicle
P0258__1__0___51 0.612 165 692 150 678 156 671 171 685 small-vehicle
P0258__1__0___51 0.618 238 648 222 634 229 627 245 641 small-vehicle
P0258__1__0___51 0.631 26 784 8 782 9 773 27 775 small-vehicle
P0258__1__0___51 0.640 17 651 10 645 22 632 29 638 small-vehicle
P0258__1__0___51 0.655 648 77 616 51 631 32 663 58 plane
P0258__1__0___51 0.657 535 437 509 416 524 398 550 419 plane
P0258__1__0___51 0.658 179 678 163 664 170 657 186 671 small-vehicle
P0258__1__0___51 0.671 645 237 620 214 634 198 659 221 plane
P0258__1__0___51 0.680 270 512 239 483 257 463 288 492 plane
P0258__1__0___51 0.680 223 944 196 929 218 891 245 906 plane
P0258__1__0___51 0.682 549 148 522 122 540 103 567 129 plane
P0258__1__0___51 0.701 598 305 568 277 585 258 615 286 plane
P0258__1__0___51 0.707 563 112 529 90 544 67 578 89 plane
P0258__1__0___51 0.709 500 221 472 196 491 174 519 199 plane
P0258__1__0___51 0.713 378 423 349 398 365 378 394 403 plane
P0258__1__0___51 0.716 444 684 411 655 429 633 462 662 plane
P0258__1__0___51 0.716 334 885 309 870 333 832 358 847 plane
P0258__1__0___51 0.720 527 288 497 260 516 239 546 267 plane
P0258__1__0___51 0.721 348 556 321 531 339 511 366 536 plane
P0258__1__0___51 0.722 594 346 563 319 581 297 612 324 plane
P0258__1__0___51 0.722 505 580 470 549 490 527 525 558 plane
P0258__1__0___51 0.724 279 841 255 827 276 794 300 808 plane
P0258__1__0___51 0.730 706 136 677 109 695 89 724 116 plane
P0258__1__0___51 0.733 432 357 403 330 421 310 450 337 plane
P0258__1__0___51 0.733 537 410 506 380 526 359 557 389 plane
P0258__1__0___51 0.733 589 142 559 115 578 93 608 120 plane
P0258__1__0___51 0.735 319 929 293 915 314 878 340 892 plane
P0258__1__0___51 0.739 655 200 627 174 644 155 672 181 plane
P0258__1__0___51 0.745 438 322 411 295 431 275 458 302 plane
P0258__1__0___51 0.749 564 277 533 250 551 230 582 257 plane
P0258__1__0___51 0.754 629 337 597 309 618 286 650 314 plane
P0258__1__0___51 0.754 567 437 541 411 560 392 586 418 plane
P0258__1__0___51 0.762 383 585 354 559 372 538 401 564 plane
P0258__1__0___51 0.773 620 171 591 145 611 124 640 150 plane
P0258__1__0___51 0.795 466 388 436 360 455 339 485 367 plane
