P0250__1__0___0 0.482 1042 425 944 370 989 290 1087 345 plane
P0250__1__0___0 0.660 614 686 562 658 601 587 653 615 plane
P0250__1__0___0 0.663 408 610 363 583 401 521 446 548 plane
P0250__1__0___0 0.681 666 605 610 574 651 498 707 529 plane
P0250__1__0___0 0.691 932 645 879 617 919 542 972 570 plane
P0250__1__0___0 0.704 510 436 453 408 491 331 548 359 plane
P0250__1__0___0 0.713 797 437 687 381 742 274 852 330 plane
P0250__1__0___0 0.717 727 1053 675 1024 716 950 768 979 plane
P0250__1__0___0 0.717 885 748 829 715 870 643 926 676 plane
P0250__1__0___0 0.718 630 752 588 722 635 655 677 685 plane
P0250__1__0___0 0.723 737 582 675 550 718 467 780 499 plane
P0250__1__0___0 0.729 468 526 417 501 449 433 500 458 plane
P0250__1__0___0 0.735 369 705 321 679 356 616 404 642 plane
P0250__1__0___0 0.771 525 879 469 850 510 772 566 801 plane
P0250__1__0___915 0.687 422 712 374 681 413 619 461 650 plane
P0250__1__0___915 0.708 401 299 355 273 394 202 440 228 plane
P0250__1__0___915 0.724 727 139 673 109 714 34 768 64 plane
P0250__1__0___915 0.729 673 243 618 213 660 138 715 168 plane
P0250__1__110___0 0.679 775 748 718 715 760 643 817 676 plane
P0250__1__110___0 0.683 358 525 307 502 339 434 390 457 plane
P0250__1__110___0 0.685 299 611 254 583 292 520 337 548 plane
P0250__1__110___0 0.688 505 686 453 658 490 587 542 615 plane
P0250__1__110___0 0.696 618 1052 564 1022 605 949 659 979 plane
P0250__1__110___0 0.697 557 605 501 574 542 498 598 529 plane
P0250__1__110___0 0.697 822 645 769 617 809 542 862 570 plane
P0250__1__110___0 0.707 981 436 869 376 922 275 1034 335 plane
P0250__1__110___0 0.719 521 752 478 721 524 655 567 686 plane
P0250__1__110___0 0.723 400 438 343 409 381 331 438 360 plane
P0250__1__110___0 0.726 627 582 565 550 608 467 670 499 plane
P0250__1__110___0 0.729 688 437 577 380 631 274 742 331 plane
P0250__1__110___0 0.735 260 705 211 679 245 616 294 642 plane
P0250__1__110___0 0.773 414 880 359 850 401 771 456 801 plane
P0250__1__110___824 0.681 291 389 245 364 284 294 330 319 plane
P0250__1__110___824 0.690 415 57 356 24 402 -57 461 -24 plane
P0250__1__110___824 0.709 617 230 562 199 604 125 659 156 plane
P0250__1__110___824 0.710 312 802 263 771 301 711 350 742 plane
P0250__1__110___824 0.749 563 336 508 305 550 229 605 260 plane
P0250__1__110___915 0.704 617 139 562 108 604 34 659 65 plane
P0250__1__110___915 0.704 292 298 246 273 285 203 331 228 plane
P0250__1__110___915 0.727 313 712 264 681 302 619 351 650 plane
P0250__1__110___915 0.743 564 244 508 214 549 137 605 167 plane
