P0256__1__0___0 0.252 281 1029 263 1029 264 980 282 980 small-vehicle
P0256__1__0___0 0.253 269 953 267 918 284 918 286 953 small-vehicle
P0256__1__0___0 0.255 979 861 971 841 1062 804 1070 824 large-vehicle
P0256__1__0___0 0.271 975 719 966 697 1068 656 1077 678 large-vehicle
P0256__1__0___0 0.283 884 957 876 944 905 926 913 939 small-vehicle
P0256__1__0___0 0.313 246 950 245 917 261 917 262 950 small-vehicle
P0256__1__0___0 0.342 245 1024 244 984 260 983 261 1023 small-vehicle
P0256__1__0___0 0.349 440 1031 389 1028 389 1012 440 1015 large-vehicle
P0256__1__0___0 0.353 968 882 958 859 1067 813 1077 836 large-vehicle
P0256__1__0___0 0.357 665 974 638 972 642 903 669 905 large-vehicle
P0256__1__0___0 0.358 916 987 904 973 937 944 949 958 large-vehicle
P0256__1__0___0 0.365 990 959 975 945 1003 914 1018 928 large-vehicle
P0256__1__0___0 0.374 969 402 959 381 1070 325 1080 346 large-vehicle
P0256__1__0___0 0.401 35 108 -8 101 -5 83 38 90 small-vehicle
P0256__1__0___0 0.421 973 487 964 467 1066 422 1075 442 large-vehicle
P0256__1__0___0 0.437 968 858 959 838 1071 789 1080 809 large-vehicle
P0256__1__0___0 0.446 -7 708 -7 692 27 691 27 707 small-vehicle
P0256__1__0___0 0.463 -6 504 -7 488 36 487 37 503 small-vehicle
P0256__1__0___0 0.479 240 951 223 950 223 916 240 917 small-vehicle
P0256__1__0___0 0.483 969 827 960 805 1070 756 1079 778 large-vehicle
P0256__1__0___0 0.484 871 992 809 963 818 945 880 974 large-vehicle
P0256__1__0___0 0.488 51 50 9 43 12 25 54 32 small-vehicle
P0256__1__0___0 0.489 750 235 678 199 687 182 759 218 large-vehicle
P0256__1__0___0 0.504 969 710 960 687 1070 643 1079 666 large-vehicle
P0256__1__0___0 0.508 968 797 959 775 1071 728 1080 750 large-vehicle
P0256__1__0___0 0.521 435 1011 388 1009 388 994 435 996 large-vehicle
P0256__1__0___0 0.542 130 620 122 602 199 569 207 587 large-vehicle
P0256__1__0___0 0.542 -1 691 -2 675 33 674 34 690 small-vehicle
P0256__1__0___0 0.558 -6 672 -7 656 30 655 31 671 small-vehicle
P0256__1__0___0 0.565 463 422 458 403 564 377 569 396 large-vehicle
P0256__1__0___0 0.570 969 745 960 723 1070 676 1079 698 large-vehicle
P0256__1__0___0 0.584 472 562 466 543 555 519 561 538 large-vehicle
P0256__1__0___0 0.586 -6 453 -7 436 30 434 31 451 small-vehicle
P0256__1__0___0 0.587 37 522 -5 521 -5 505 37 506 small-vehicle
P0256__1__0___0 0.593 217 953 199 953 200 918 218 918 small-vehicle
P0256__1__0___0 0.604 35 379 -6 378 -5 360 36 361 small-vehicle
P0256__1__0___0 0.607 354 815 350 797 433 776 437 794 large-vehicle
P0256__1__0___0 0.621 -8 175 -8 159 30 158 30 174 small-vehicle
P0256__1__0___0 0.627 779 474 684 433 692 415 787 456 large-vehicle
P0256__1__0___0 0.630 347 339 341 321 444 292 450 310 large-vehicle
P0256__1__0___0 0.631 877 603 783 561 792 542 886 584 large-vehicle
P0256__1__0___0 0.632 -4 651 -5 636 28 636 29 651 small-vehicle
P0256__1__0___0 0.632 464 366 459 347 565 319 570 338 large-vehicle
P0256__1__0___0 0.637 345 561 340 542 444 518 449 537 large-vehicle
P0256__1__0___0 0.639 -6 305 -6 288 34 288 34 305 small-vehicle
P0256__1__0___0 0.640 468 532 464 513 567 491 571 510 large-vehicle
P0256__1__0___0 0.641 119 569 110 551 186 514 195 532 large-vehicle
P0256__1__0___0 0.642 38 87 -4 81 -2 64 40 70 small-vehicle
P0256__1__0___0 0.642 343 707 339 689 442 664 446 682 large-vehicle
P0256__1__0___0 0.643 468 505 464 486 569 464 573 483 large-vehicle
P0256__1__0___0 0.645 770 754 677 714 685 695 778 735 large-vehicle
P0256__1__0___0 0.646 457 678 452 659 558 631 563 650 large-vehicle
P0256__1__0___0 0.648 31 360 -6 360 -5 343 32 343 small-vehicle
P0256__1__0___0 0.648 461 339 457 320 562 296 566 315 large-vehicle
P0256__1__0___0 0.649 882 717 781 674 789 654 890 697 large-vehicle
P0256__1__0___0 0.649 465 762 459 742 566 711 572 731 large-vehicle
P0256__1__0___0 0.649 469 621 464 601 566 574 571 594 large-vehicle
P0256__1__0___0 0.650 459 312 453 293 558 263 564 282 large-vehicle
P0256__1__0___0 0.651 37 324 -3 324 -3 307 37 307 small-vehicle
P0256__1__0___0 0.652 773 842 684 799 692 781 781 824 large-vehicle
P0256__1__0___0 0.655 343 534 339 515 444 493 448 512 large-vehicle
P0256__1__0___0 0.656 469 159 460 137 558 98 567 120 large-vehicle
P0256__1__0___0 0.656 463 596 458 577 562 547 567 566 large-vehicle
P0256__1__0___0 0.660 878 664 783 622 791 603 886 645 large-vehicle
P0256__1__0___0 0.668 33 286 -8 286 -7 269 34 269 small-vehicle
P0256__1__0___0 0.669 340 369 334 348 439 320 445 341 large-vehicle
P0256__1__0___0 0.671 774 642 679 600 687 581 782 623 large-vehicle
P0256__1__0___0 0.674 113 404 103 385 194 341 204 360 large-vehicle
P0256__1__0___0 0.675 116 459 107 440 197 394 206 413 large-vehicle
P0256__1__0___0 0.677 461 476 458 456 566 439 569 459 large-vehicle
P0256__1__0___0 0.678 847 251 760 209 768 192 855 234 large-vehicle
P0256__1__0___0 0.680 465 704 460 683 566 657 571 678 large-vehicle
P0256__1__0___0 0.681 339 213 330 193 426 150 435 170 large-vehicle
P0256__1__0___0 0.681 770 555 677 515 685 496 778 536 large-vehicle
P0256__1__0___0 0.682 869 825 772 783 780 764 877 806 large-vehicle
P0256__1__0___0 0.684 767 383 676 340 684 322 775 365 large-vehicle
P0256__1__0___0 0.685 461 450 456 429 562 405 567 426 large-vehicle
P0256__1__0___0 0.687 337 312 332 291 438 267 443 288 large-vehicle
P0256__1__0___0 0.687 339 481 334 460 440 434 445 455 large-vehicle
P0256__1__0___0 0.687 877 691 780 647 788 628 885 672 large-vehicle
P0256__1__0___0 0.687 333 425 328 405 436 378 441 398 large-vehicle
P0256__1__0___0 0.688 770 698 677 658 685 639 778 679 large-vehicle
P0256__1__0___0 0.688 345 507 340 488 444 464 449 483 large-vehicle
P0256__1__0___0 0.689 -3 598 -3 583 33 581 33 596 small-vehicle
P0256__1__0___0 0.689 -5 542 -6 525 35 525 36 542 small-vehicle
P0256__1__0___0 0.693 114 516 105 497 197 451 206 470 large-vehicle
P0256__1__0___0 0.695 110 263 101 244 195 200 204 219 large-vehicle
P0256__1__0___0 0.695 465 395 460 374 566 344 571 365 large-vehicle
P0256__1__0___0 0.695 343 453 338 433 444 406 449 426 large-vehicle
P0256__1__0___0 0.696 884 894 791 849 801 829 894 874 large-vehicle
P0256__1__0___0 0.697 33 564 -5 563 -5 547 33 548 small-vehicle
P0256__1__0___0 0.699 438 965 435 946 535 928 538 947 large-vehicle
P0256__1__0___0 0.699 -7 417 -7 401 31 400 31 416 small-vehicle
P0256__1__0___0 0.699 115 542 106 523 196 477 205 496 large-vehicle
P0256__1__0___0 0.703 880 777 784 730 793 710 889 757 large-vehicle
P0256__1__0___0 0.703 762 872 671 827 681 807 772 852 large-vehicle
P0256__1__0___0 0.703 -6 435 -7 418 32 416 33 433 small-vehicle
P0256__1__0___0 0.705 339 679 335 660 440 636 444 655 large-vehicle
P0256__1__0___0 0.707 30 633 -5 633 -4 618 31 618 small-vehicle
P0256__1__0___0 0.708 767 726 677 686 686 667 776 707 large-vehicle
P0256__1__0___0 0.708 878 859 782 813 791 794 887 840 large-vehicle
P0256__1__0___0 0.708 34 251 -5 249 -4 232 35 234 small-vehicle
P0256__1__0___0 0.709 460 735 454 716 561 684 567 703 large-vehicle
P0256__1__0___0 0.716 337 620 333 599 440 579 444 600 large-vehicle
P0256__1__0___0 0.716 881 746 784 701 794 681 891 726 large-vehicle
P0256__1__0___0 0.718 468 281 462 260 567 228 573 249 large-vehicle
P0256__1__0___0 0.718 28 615 -5 615 -4 600 29 600 small-vehicle
P0256__1__0___0 0.718 120 595 111 577 203 534 212 552 large-vehicle
P0256__1__0___0 0.722 461 650 456 630 562 603 567 623 large-vehicle
P0256__1__0___0 0.723 339 793 333 772 438 744 444 765 large-vehicle
P0256__1__0___0 0.724 32 397 -6 397 -6 380 32 380 small-vehicle
P0256__1__0___0 0.727 -5 581 -5 565 29 564 29 580 small-vehicle
P0256__1__0___0 0.731 786 531 688 487 697 468 795 512 large-vehicle
P0256__1__0___0 0.737 772 160 675 115 685 95 782 140 large-vehicle
P0256__1__0___0 0.739 337 396 332 376 438 349 443 369 large-vehicle
P0256__1__0___0 0.740 336 653 331 632 437 608 442 629 large-vehicle
P0256__1__0___0 0.742 125 283 116 264 208 222 217 241 large-vehicle
P0256__1__0___0 0.746 473 252 466 232 568 197 575 217 large-vehicle
P0256__1__0___0 0.748 31 340 -6 340 -5 323 32 323 small-vehicle
P0256__1__0___0 0.755 336 285 331 264 435 238 440 259 large-vehicle
P0256__1__256___0 0.254 628 957 620 944 649 926 657 939 small-vehicle
P0256__1__256___0 0.296 734 959 719 946 747 914 762 927 large-vehicle
P0256__1__256___0 0.308 889 148 888 99 916 99 917 148 small-vehicle
P0256__1__256___0 0.323 1001 71 862 15 870 -5 1009 50 large-vehicle
P0256__1__256___0 0.339 184 1030 133 1028 133 1011 184 1013 large-vehicle
P0256__1__256___0 0.340 660 987 648 973 681 944 693 958 large-vehicle
P0256__1__256___0 0.357 409 974 382 972 386 903 413 905 large-vehicle
P0256__1__256___0 0.410 872 138 849 137 849 97 872 98 small-vehicle
P0256__1__256___0 0.439 815 135 814 94 834 94 835 135 small-vehicle
P0256__1__256___0 0.481 616 992 553 963 561 945 624 974 large-vehicle
P0256__1__256___0 0.488 494 235 422 199 431 182 503 218 large-vehicle
P0256__1__256___0 0.496 179 1010 132 1008 132 993 179 995 large-vehicle
P0256__1__256___0 0.503 841 40 822 39 822 0 841 0 small-vehicle
P0256__1__256___0 0.564 207 422 202 403 308 377 313 396 large-vehicle
P0256__1__256___0 0.583 216 562 210 543 299 519 305 538 large-vehicle
P0256__1__256___0 0.612 855 405 846 386 940 346 949 365 large-vehicle
P0256__1__256___0 0.618 97 815 93 797 176 776 180 794 large-vehicle
P0256__1__256___0 0.623 91 339 85 321 188 292 194 310 large-vehicle
P0256__1__256___0 0.627 523 474 428 433 436 415 531 456 large-vehicle
P0256__1__256___0 0.632 208 367 203 348 309 320 314 339 large-vehicle
P0256__1__256___0 0.632 621 603 527 561 536 542 630 584 large-vehicle
P0256__1__256___0 0.640 731 487 722 467 816 426 825 446 large-vehicle
P0256__1__256___0 0.640 212 533 208 514 311 492 315 511 large-vehicle
P0256__1__256___0 0.644 211 505 207 486 312 464 316 483 large-vehicle
P0256__1__256___0 0.644 515 754 422 714 430 695 523 735 large-vehicle
P0256__1__256___0 0.647 201 677 196 658 302 630 307 649 large-vehicle
P0256__1__256___0 0.649 206 339 202 320 307 296 311 315 large-vehicle
P0256__1__256___0 0.649 209 762 203 742 310 711 316 731 large-vehicle
P0256__1__256___0 0.649 203 312 197 293 302 263 308 282 large-vehicle
P0256__1__256___0 0.650 848 381 839 362 933 320 942 339 large-vehicle
P0256__1__256___0 0.650 89 562 84 543 188 519 193 538 large-vehicle
P0256__1__256___0 0.651 212 621 207 601 309 574 314 594 large-vehicle
P0256__1__256___0 0.652 517 842 428 799 436 781 525 824 large-vehicle
P0256__1__256___0 0.652 626 716 525 673 533 655 634 698 large-vehicle
P0256__1__256___0 0.653 87 707 83 689 186 664 190 682 large-vehicle
P0256__1__256___0 0.655 213 159 204 137 302 98 311 120 large-vehicle
P0256__1__256___0 0.656 207 596 202 577 306 547 311 566 large-vehicle
P0256__1__256___0 0.658 623 663 528 621 536 602 631 644 large-vehicle
P0256__1__256___0 0.661 88 534 84 515 189 493 193 512 large-vehicle
P0256__1__256___0 0.661 823 552 815 533 914 493 922 512 large-vehicle
P0256__1__256___0 0.666 83 369 77 348 182 320 188 341 large-vehicle
P0256__1__256___0 0.670 518 642 423 600 431 581 526 623 large-vehicle
P0256__1__256___0 0.671 843 665 835 646 934 604 942 623 large-vehicle
P0256__1__256___0 0.677 206 476 203 456 311 439 314 459 large-vehicle
P0256__1__256___0 0.677 735 855 727 836 822 796 830 815 large-vehicle
P0256__1__256___0 0.678 591 251 504 209 512 192 599 234 large-vehicle
P0256__1__256___0 0.680 209 704 204 683 310 657 315 678 large-vehicle
P0256__1__256___0 0.680 742 710 733 689 833 647 842 668 large-vehicle
P0256__1__256___0 0.680 613 825 516 783 524 764 621 806 large-vehicle
P0256__1__256___0 0.680 514 555 421 515 429 496 522 536 large-vehicle
P0256__1__256___0 0.684 621 691 524 647 532 628 629 672 large-vehicle
P0256__1__256___0 0.684 80 312 75 291 181 267 186 288 large-vehicle
P0256__1__256___0 0.684 77 425 72 405 180 378 185 398 large-vehicle
P0256__1__256___0 0.684 510 384 420 339 429 321 519 366 large-vehicle
P0256__1__256___0 0.685 205 450 201 429 306 405 310 426 large-vehicle
P0256__1__256___0 0.685 83 213 74 192 170 150 179 171 large-vehicle
P0256__1__256___0 0.687 743 881 734 862 830 818 839 837 large-vehicle
P0256__1__256___0 0.688 83 481 78 460 184 434 189 455 large-vehicle
P0256__1__256___0 0.688 515 698 422 658 430 639 523 679 large-vehicle
P0256__1__256___0 0.690 87 453 82 432 188 406 193 427 large-vehicle
P0256__1__256___0 0.690 88 507 84 488 187 464 191 483 large-vehicle
P0256__1__256___0 0.695 209 395 204 374 310 344 315 365 large-vehicle
P0256__1__256___0 0.697 627 893 534 850 544 830 637 873 large-vehicle
P0256__1__256___0 0.697 843 638 835 619 930 577 938 596 large-vehicle
P0256__1__256___0 0.698 738 795 730 777 823 734 831 752 large-vehicle
P0256__1__256___0 0.698 839 867 829 846 924 804 934 825 large-vehicle
P0256__1__256___0 0.701 182 964 179 945 279 927 282 946 large-vehicle
P0256__1__256___0 0.702 624 778 528 731 537 711 633 758 large-vehicle
P0256__1__256___0 0.702 83 680 79 661 184 635 188 654 large-vehicle
P0256__1__256___0 0.703 506 872 415 827 425 807 516 852 large-vehicle
P0256__1__256___0 0.707 742 403 732 383 825 338 835 358 large-vehicle
P0256__1__256___0 0.708 511 726 421 686 430 667 520 707 large-vehicle
P0256__1__256___0 0.708 623 859 527 813 536 794 632 840 large-vehicle
P0256__1__256___0 0.709 204 735 198 716 305 684 311 703 large-vehicle
P0256__1__256___0 0.710 731 743 723 724 822 680 830 699 large-vehicle
P0256__1__256___0 0.711 736 825 727 805 819 764 828 784 large-vehicle
P0256__1__256___0 0.715 81 620 77 599 184 579 188 600 large-vehicle
P0256__1__256___0 0.719 624 745 528 700 537 680 633 725 large-vehicle
P0256__1__256___0 0.719 212 281 206 260 311 228 317 249 large-vehicle
P0256__1__256___0 0.721 847 605 838 585 932 544 941 564 large-vehicle
P0256__1__256___0 0.721 83 791 78 771 182 744 187 764 large-vehicle
P0256__1__256___0 0.722 205 650 200 630 306 603 311 623 large-vehicle
P0256__1__256___0 0.724 839 722 830 702 928 659 937 679 large-vehicle
P0256__1__256___0 0.729 841 780 831 759 930 715 940 736 large-vehicle
P0256__1__256___0 0.731 530 531 432 487 441 468 539 512 large-vehicle
P0256__1__256___0 0.736 516 160 419 115 429 95 526 140 large-vehicle
P0256__1__256___0 0.737 81 396 76 376 182 349 187 369 large-vehicle
P0256__1__256___0 0.741 80 654 75 633 181 607 186 628 large-vehicle
P0256__1__256___0 0.746 217 252 210 232 312 197 319 217 large-vehicle
P0256__1__256___0 0.754 80 285 75 264 179 238 184 259 large-vehicle
P0256__1__256___0 0.771 844 351 834 330 929 286 939 307 large-vehicle
