P0251__1__0___0 0.419 475 1066 452 978 516 961 539 1049 plane
P0251__1__0___0 0.522 990 781 973 702 1023 692 1040 771 plane
P0251__1__0___0 0.561 975 478 967 422 1050 409 1058 465 plane
P0251__1__0___0 0.640 442 946 429 860 485 851 498 937 plane
P0251__1__0___0 0.660 1001 693 981 610 1036 596 1056 679 plane
P0251__1__0___0 0.664 644 751 626 667 679 656 697 740 plane
P0251__1__0___0 0.675 478 562 469 511 545 497 554 548 plane
P0251__1__0___0 0.686 617 898 603 814 660 805 674 889 plane
P0251__1__0___0 0.709 608 1003 594 888 671 878 685 993 plane
P0251__1__0___0 0.709 982 352 977 302 1047 295 1052 345 plane
P0251__1__0___0 0.711 422 838 417 754 475 751 480 835 plane
P0251__1__0___0 0.716 661 840 649 757 704 749 716 832 plane
P0251__1__0___0 0.722 645 532 642 480 720 475 723 527 plane
P0251__1__0___0 0.724 617 424 605 368 686 351 698 407 plane
P0251__1__0___0 0.733 919 491 913 434 996 426 1002 483 plane
P0251__1__0___0 0.737 345 468 336 408 420 395 429 455 plane
P0251__1__0___0 0.754 820 730 803 644 859 633 876 719 plane
P0251__1__0___0 0.756 786 391 776 333 859 318 869 376 plane
P0251__1__0___0 0.766 394 582 384 529 461 515 471 568 plane
P0251__1__0___618 0.368 169 438 166 420 212 413 215 431 small-vehicle
P0251__1__0___618 0.468 211 633 208 617 248 610 251 626 small-vehicle
P0251__1__0___618 0.523 1006 160 988 82 1035 71 1053 149 plane
P0251__1__0___618 0.598 192 545 189 530 223 524 226 539 small-vehicle
P0251__1__0___618 0.604 787 602 783 586 820 577 824 593 small-vehicle
P0251__1__0___618 0.644 423 220 418 136 476 133 481 217 plane
P0251__1__0___618 0.650 608 384 594 268 671 259 685 375 plane
P0251__1__0___618 0.654 216 670 213 655 249 647 252 662 small-vehicle
P0251__1__0___618 0.662 185 505 182 488 222 480 225 497 small-vehicle
P0251__1__0___618 0.664 509 841 496 760 550 752 563 833 plane
P0251__1__0___618 0.667 1004 76 982 -4 1035 -18 1057 62 plane
P0251__1__0___618 0.671 217 652 214 638 250 631 253 645 small-vehicle
P0251__1__0___618 0.676 681 576 660 494 718 479 739 561 plane
P0251__1__0___618 0.678 473 571 468 486 524 482 529 567 plane
P0251__1__0___618 0.683 642 132 625 49 679 39 696 122 plane
P0251__1__0___618 0.688 627 716 609 638 662 625 680 703 plane
P0251__1__0___618 0.691 661 222 649 138 704 131 716 215 plane
P0251__1__0___618 0.696 443 328 428 243 484 233 499 318 plane
P0251__1__0___618 0.706 613 812 584 724 642 705 671 793 plane
P0251__1__0___618 0.714 694 771 660 706 705 682 739 747 plane
P0251__1__0___618 0.714 820 112 803 26 859 15 876 101 plane
P0251__1__0___618 0.716 485 667 470 580 528 570 543 657 plane
P0251__1__0___618 0.724 475 479 454 392 508 378 529 465 plane
P0251__1__0___618 0.725 617 280 603 194 660 185 674 271 plane
P0251__1__0___618 0.728 713 720 684 641 774 609 803 688 plane
P0251__1__824___618 0.448 1010 594 999 578 1033 555 1044 571 small-vehicle
P0251__1__824___618 0.454 982 77 961 22 987 12 1008 67 helicopter
P0251__1__824___618 0.475 584 29 581 9 637 -1 640 18 large-vehicle
P0251__1__824___618 0.505 512 279 505 265 539 248 546 262 small-vehicle
P0251__1__824___618 0.508 844 742 834 729 865 705 875 718 small-vehicle
P0251__1__824___618 0.570 601 120 596 101 654 85 659 104 large-vehicle
P0251__1__824___618 0.638 399 357 351 322 404 248 452 283 plane
P0251__1__824___618 0.651 398 144 380 67 431 55 449 132 plane
P0251__1__824___618 0.654 380 47 370 -36 429 -43 439 40 plane
P0251__1__824___618 0.662 -8 115 -24 27 34 16 50 104 plane
P0251__1__824___618 0.665 437 181 424 115 470 106 483 172 plane
P0251__1__824___618 0.668 611 910 600 895 634 869 645 884 small-vehicle
P0251__1__824___618 0.671 222 258 205 175 257 165 274 248 plane
P0251__1__824___618 0.673 731 184 725 140 748 137 754 181 large-vehicle
P0251__1__824___618 0.701 621 202 614 181 686 157 693 178 large-vehicle
P0251__1__824___618 0.702 178 75 159 -7 217 -21 236 61 plane
P0251__1__824___618 0.705 229 110 209 30 262 17 282 97 plane
P0251__1__824___618 0.707 244 402 230 319 287 309 301 392 plane
P0251__1__824___618 0.716 414 241 392 159 451 144 473 226 plane
P0251__1__824___618 0.717 257 334 243 242 302 233 316 325 plane
P0251__1__824___618 0.735 873 121 867 81 886 78 892 118 large-vehicle
P0251__1__824___618 0.737 200 167 183 81 241 70 258 156 plane
P0251__1__824___618 0.740 826 139 818 100 839 96 847 135 large-vehicle
P0251__1__824___618 0.776 784 164 773 118 795 113 806 159 large-vehicle
P0251__1__832___0 0.422 938 515 926 450 949 446 961 511 helicopter
P0251__1__832___0 0.447 975 695 953 642 978 632 1000 685 helicopter
P0251__1__832___0 0.508 576 647 572 627 629 616 633 636 large-vehicle
P0251__1__832___0 0.517 593 738 588 719 646 703 651 722 large-vehicle
P0251__1__832___0 0.571 504 897 497 883 531 866 538 880 small-vehicle
P0251__1__832___0 0.649 429 799 416 732 462 724 475 791 plane
P0251__1__832___0 0.657 722 802 718 758 741 755 745 799 large-vehicle
P0251__1__832___0 0.664 389 763 371 685 422 674 440 752 plane
P0251__1__832___0 0.668 562 580 557 558 621 545 626 567 large-vehicle
P0251__1__832___0 0.679 -15 732 -33 646 25 633 43 719 plane
P0251__1__832___0 0.681 865 741 858 699 878 696 885 738 large-vehicle
P0251__1__832___0 0.689 236 1019 222 934 279 924 293 1009 plane
P0251__1__832___0 0.696 190 785 175 700 233 690 248 775 plane
P0251__1__832___0 0.696 248 950 235 859 295 851 308 942 plane
P0251__1__832___0 0.697 715 382 699 334 772 309 788 357 plane
P0251__1__832___0 0.698 515 304 505 252 576 239 586 291 plane
P0251__1__832___0 0.702 170 692 151 608 209 595 228 679 plane
P0251__1__832___0 0.705 214 877 198 794 251 784 267 867 plane
P0251__1__832___0 0.711 819 757 811 718 832 714 840 753 large-vehicle
P0251__1__832___0 0.717 630 401 619 351 691 334 702 384 plane
P0251__1__832___0 0.721 452 430 441 376 509 361 520 415 plane
P0251__1__832___0 0.724 614 820 606 799 677 775 685 796 large-vehicle
P0251__1__832___0 0.726 87 490 81 433 164 425 170 482 plane
P0251__1__832___0 0.728 416 321 408 264 491 252 499 309 plane
P0251__1__832___0 0.729 389 973 343 939 396 866 442 900 plane
P0251__1__832___0 0.729 371 663 364 581 420 576 427 658 plane
P0251__1__832___0 0.732 -39 391 -51 333 27 316 39 374 plane
P0251__1__832___0 0.736 756 305 675 283 689 228 770 250 plane
P0251__1__832___0 0.738 152 354 145 305 215 295 222 344 plane
P0251__1__832___0 0.741 220 730 200 649 255 635 275 716 plane
P0251__1__832___0 0.742 329 336 318 279 402 263 413 320 plane
P0251__1__832___0 0.746 178 475 169 420 247 408 256 463 plane
P0251__1__832___0 0.748 407 860 382 779 440 761 465 842 plane
P0251__1__832___0 0.771 240 345 231 297 309 282 318 330 plane
P0251__1__832___0 0.773 775 782 765 733 788 729 798 778 large-vehicle
P0251__1__832___618 0.376 974 77 953 24 979 14 1000 67 helicopter
P0251__1__832___618 0.415 577 28 573 9 628 -2 632 16 large-vehicle
P0251__1__832___618 0.521 1009 593 999 580 1030 556 1040 569 small-vehicle
P0251__1__832___618 0.530 504 279 496 265 531 248 539 262 small-vehicle
P0251__1__832___618 0.551 836 742 826 729 857 705 867 718 small-vehicle
P0251__1__832___618 0.589 593 120 588 101 646 85 651 104 large-vehicle
P0251__1__832___618 0.627 602 910 592 896 627 869 637 883 small-vehicle
P0251__1__832___618 0.634 430 182 417 114 463 105 476 173 plane
P0251__1__832___618 0.666 372 47 362 -36 421 -43 431 40 plane
P0251__1__832___618 0.670 -15 114 -31 26 27 15 43 103 plane
P0251__1__832___618 0.678 235 401 222 317 280 308 293 392 plane
P0251__1__832___618 0.682 249 335 235 242 294 232 308 325 plane
P0251__1__832___618 0.691 722 184 718 139 741 137 745 182 large-vehicle
P0251__1__832___618 0.694 390 145 372 68 423 56 441 133 plane
P0251__1__832___618 0.705 214 258 198 175 251 165 267 248 plane
P0251__1__832___618 0.705 170 76 151 -7 209 -20 228 63 plane
P0251__1__832___618 0.710 220 111 200 30 255 16 275 97 plane
P0251__1__832___618 0.711 613 202 606 181 678 157 685 178 large-vehicle
P0251__1__832___618 0.717 407 241 384 160 442 144 465 225 plane
P0251__1__832___618 0.735 191 166 174 82 232 71 249 155 plane
P0251__1__832___618 0.737 389 356 343 322 396 249 442 283 plane
P0251__1__832___618 0.738 865 121 859 81 878 78 884 118 large-vehicle
P0251__1__832___618 0.744 818 139 810 100 831 96 839 135 large-vehicle
P0251__1__832___618 0.790 775 164 765 116 788 111 798 159 large-vehicle
