P0260__1__0___0 0.252 726 249 725 240 745 238 746 247 small-vehicle
P0260__1__0___0 0.268 515 1124 456 928 542 901 601 1097 harbor
P0260__1__0___0 0.282 720 145 705 131 711 124 726 138 small-vehicle
P0260__1__0___0 0.303 884 20 875 4 883 0 892 15 small-vehicle
P0260__1__0___0 0.304 930 129 912 113 919 104 937 120 small-vehicle
P0260__1__0___0 0.308 691 1178 588 858 660 835 763 1155 harbor
P0260__1__0___0 0.312 425 60 416 57 422 37 431 40 small-vehicle
P0260__1__0___0 0.315 2 752 -6 747 3 729 12 734 small-vehicle
P0260__1__0___0 0.325 421 254 408 236 416 231 429 249 small-vehicle
P0260__1__0___0 0.328 326 1172 239 1169 257 701 344 704 harbor
P0260__1__0___0 0.334 132 687 127 679 147 668 152 676 small-vehicle
P0260__1__0___0 0.337 984 1105 894 811 983 784 1073 1078 harbor
P0260__1__0___0 0.338 415 114 410 93 420 91 425 112 small-vehicle
P0260__1__0___0 0.341 -5 605 -12 598 3 582 10 589 small-vehicle
P0260__1__0___0 0.344 13 645 4 638 18 620 27 627 small-vehicle
P0260__1__0___0 0.347 134 545 129 536 147 526 152 535 small-vehicle
P0260__1__0___0 0.351 132 699 128 691 147 680 151 688 small-vehicle
P0260__1__0___0 0.359 675 143 674 133 698 132 699 142 small-vehicle
P0260__1__0___0 0.361 131 712 128 703 146 695 149 704 small-vehicle
P0260__1__0___0 0.370 756 227 741 206 749 200 764 221 small-vehicle
P0260__1__0___0 0.372 1012 143 1011 133 1033 132 1034 142 small-vehicle
P0260__1__0___0 0.379 821 1134 732 841 822 813 911 1106 harbor
P0260__1__0___0 0.379 76 648 59 636 65 627 82 639 small-vehicle
P0260__1__0___0 0.387 117 129 99 114 106 106 124 121 small-vehicle
P0260__1__0___0 0.392 102 679 94 674 105 658 113 663 small-vehicle
P0260__1__0___0 0.398 780 139 765 127 771 120 786 132 small-vehicle
P0260__1__0___0 0.399 4 618 -4 611 9 593 18 600 small-vehicle
P0260__1__0___0 0.414 77 87 73 78 94 70 98 79 small-vehicle
P0260__1__0___0 0.419 285 734 269 733 270 725 286 726 ship
P0260__1__0___0 0.426 529 154 520 149 530 131 539 136 small-vehicle
P0260__1__0___0 0.431 137 634 132 626 148 617 153 625 small-vehicle
P0260__1__0___0 0.434 8 980 -8 968 -2 959 14 971 small-vehicle
P0260__1__0___0 0.436 608 238 593 217 601 211 616 232 small-vehicle
P0260__1__0___0 0.442 -11 235 -14 225 7 218 10 228 small-vehicle
P0260__1__0___0 0.459 939 74 921 59 928 51 946 66 small-vehicle
P0260__1__0___0 0.465 128 883 124 874 147 862 151 871 small-vehicle
P0260__1__0___0 0.469 130 725 127 715 149 708 152 718 small-vehicle
P0260__1__0___0 0.471 102 133 85 120 91 112 108 125 small-vehicle
P0260__1__0___0 0.477 73 521 63 518 70 498 80 501 small-vehicle
P0260__1__0___0 0.478 74 568 57 560 61 551 78 559 small-vehicle
P0260__1__0___0 0.487 595 239 583 221 590 216 602 234 small-vehicle
P0260__1__0___0 0.489 568 131 551 127 553 118 570 122 small-vehicle
P0260__1__0___0 0.499 843 219 830 202 838 196 851 213 small-vehicle
P0260__1__0___0 0.503 392 58 384 55 391 35 399 38 small-vehicle
P0260__1__0___0 0.504 135 996 130 989 148 977 153 984 small-vehicle
P0260__1__0___0 0.506 758 24 746 8 753 3 765 19 small-vehicle
P0260__1__0___0 0.507 852 159 852 150 875 148 875 157 small-vehicle
P0260__1__0___0 0.513 824 341 824 331 847 330 847 340 ship
P0260__1__0___0 0.515 503 244 488 225 496 219 511 238 small-vehicle
P0260__1__0___0 0.516 533 45 522 27 530 22 541 40 small-vehicle
P0260__1__0___0 0.532 744 227 732 210 741 204 753 221 small-vehicle
P0260__1__0___0 0.536 518 236 503 222 509 215 524 229 small-vehicle
P0260__1__0___0 0.541 597 41 586 24 594 18 605 35 small-vehicle
P0260__1__0___0 0.543 801 660 777 311 862 305 886 654 harbor
P0260__1__0___0 0.544 302 182 300 172 323 169 325 179 small-vehicle
P0260__1__0___0 0.547 640 37 628 23 635 18 647 32 small-vehicle
P0260__1__0___0 0.552 136 935 130 927 147 916 153 924 small-vehicle
P0260__1__0___0 0.563 599 122 599 112 620 111 620 121 small-vehicle
P0260__1__0___0 0.563 25 195 4 194 4 184 25 185 small-vehicle
P0260__1__0___0 0.563 680 233 667 214 675 208 688 227 small-vehicle
P0260__1__0___0 0.564 300 697 246 695 255 458 309 460 harbor
P0260__1__0___0 0.565 471 250 458 233 466 227 479 244 small-vehicle
P0260__1__0___0 0.565 955 643 926 307 1026 298 1055 634 harbor
P0260__1__0___0 0.569 999 631 998 616 1044 612 1045 627 ship
P0260__1__0___0 0.573 134 898 129 889 147 879 152 888 small-vehicle
P0260__1__0___0 0.573 718 230 705 210 713 205 726 225 small-vehicle
P0260__1__0___0 0.574 68 455 51 444 57 436 74 447 small-vehicle
P0260__1__0___0 0.581 642 235 630 217 639 212 651 230 small-vehicle
P0260__1__0___0 0.585 957 126 941 112 948 105 964 119 small-vehicle
P0260__1__0___0 0.588 134 911 129 903 147 892 152 900 small-vehicle
P0260__1__0___0 0.596 965 886 960 872 1002 857 1007 871 ship
P0260__1__0___0 0.596 245 103 227 98 230 88 248 93 small-vehicle
P0260__1__0___0 0.600 279 150 271 147 280 129 288 132 small-vehicle
P0260__1__0___0 0.606 994 587 994 570 1039 568 1039 585 ship
P0260__1__0___0 0.612 833 21 822 4 830 -1 841 15 small-vehicle
P0260__1__0___0 0.615 535 681 512 340 592 334 615 675 harbor
P0260__1__0___0 0.619 802 28 790 12 797 7 809 23 small-vehicle
P0260__1__0___0 0.620 178 119 168 102 175 98 185 115 small-vehicle
P0260__1__0___0 0.621 402 58 393 55 399 37 408 40 small-vehicle
P0260__1__0___0 0.627 -1 207 -2 197 19 196 20 206 small-vehicle
P0260__1__0___0 0.627 13 1023 2 1005 10 1000 21 1018 small-vehicle
P0260__1__0___0 0.628 665 607 664 595 696 592 697 604 ship
P0260__1__0___0 0.631 391 683 369 354 458 348 480 677 harbor
P0260__1__0___0 0.641 668 681 644 324 725 318 749 675 harbor
P0260__1__0___0 0.644 943 578 943 564 980 563 980 577 ship
P0260__1__0___0 0.648 1012 204 1001 186 1009 181 1020 199 small-vehicle
P0260__1__0___0 0.651 577 608 576 596 608 593 609 605 ship
P0260__1__0___0 0.654 949 615 948 602 984 600 985 613 ship
P0260__1__0___0 0.657 105 213 98 194 108 190 115 209 small-vehicle
P0260__1__0___0 0.660 977 336 976 320 1022 317 1023 333 ship
P0260__1__0___0 0.662 998 562 997 546 1041 545 1042 561 ship
P0260__1__0___0 0.662 333 722 261 719 262 697 334 700 ship
P0260__1__0___0 0.664 995 539 994 527 1028 524 1029 536 ship
P0260__1__0___0 0.678 831 432 830 418 868 415 869 429 ship
P0260__1__0___0 0.684 578 650 577 638 609 637 610 649 ship
P0260__1__0___0 0.684 730 843 725 823 803 802 808 822 ship
P0260__1__0___0 0.687 987 381 986 366 1022 364 1023 379 ship
P0260__1__0___0 0.689 849 593 848 581 880 578 881 590 ship
P0260__1__0___0 0.689 420 361 420 350 447 348 447 359 ship
P0260__1__0___0 0.690 828 412 827 395 867 393 868 410 ship
P0260__1__0___0 0.692 261 805 260 782 332 780 333 803 ship
P0260__1__0___0 0.695 438 535 437 523 469 522 470 534 ship
P0260__1__0___0 0.703 578 627 577 615 609 612 610 624 ship
P0260__1__0___0 0.704 330 855 264 854 265 834 331 835 ship
P0260__1__0___0 0.705 126 89 125 79 147 76 148 86 small-vehicle
P0260__1__0___0 0.705 596 887 591 875 625 862 630 874 ship
P0260__1__0___0 0.706 893 813 887 789 964 768 970 792 ship
P0260__1__0___0 0.708 963 659 962 640 1028 636 1029 655 ship
P0260__1__0___0 0.714 540 700 538 677 609 671 611 694 ship
P0260__1__0___0 0.715 810 679 809 660 873 656 874 675 ship
P0260__1__0___0 0.716 570 472 569 461 601 461 602 472 ship
P0260__1__0___0 0.719 583 666 582 654 616 653 617 665 ship
P0260__1__0___0 0.720 988 476 986 460 1031 455 1033 471 ship
P0260__1__0___0 0.723 835 514 834 498 880 495 881 511 ship
P0260__1__0___0 0.725 974 316 973 305 1003 303 1004 314 ship
P0260__1__0___0 0.726 849 632 848 618 884 615 885 629 ship
P0260__1__0___0 0.729 675 692 674 673 738 669 739 688 ship
P0260__1__0___0 0.732 529 616 528 601 564 599 565 614 ship
P0260__1__0___0 0.734 387 594 386 580 426 577 427 591 ship
P0260__1__0___0 0.741 940 540 940 525 979 523 979 538 ship
P0260__1__0___0 0.743 805 897 800 884 836 870 841 883 ship
P0260__1__0___0 0.747 562 440 561 428 593 427 594 439 ship
P0260__1__0___0 0.748 429 499 429 486 464 484 464 497 ship
P0260__1__0___0 0.750 703 490 703 477 736 475 736 488 ship
P0260__1__0___0 0.751 561 459 561 445 598 444 598 458 ship
P0260__1__0___0 0.752 647 379 646 366 680 364 681 377 ship
P0260__1__0___0 0.756 951 849 946 835 988 822 993 836 ship
P0260__1__0___0 0.756 435 517 435 505 470 502 470 514 ship
P0260__1__0___0 0.757 572 536 572 524 603 521 603 533 ship
P0260__1__0___0 0.757 303 481 264 481 264 466 303 466 ship
P0260__1__0___0 0.759 306 674 260 673 261 657 307 658 ship
P0260__1__0___0 0.765 424 396 423 384 459 383 460 395 ship
P0260__1__0___0 0.768 700 449 700 436 733 434 733 447 ship
P0260__1__0___0 0.772 305 593 260 593 260 578 305 578 ship
P0260__1__0___0 0.776 843 554 842 541 878 539 879 552 ship
P0260__1__0___0 0.789 834 494 833 480 873 477 874 491 ship
P0260__1__0___0 0.796 841 572 840 558 878 557 879 571 ship
P0260__1__0___0 0.798 302 550 260 548 261 533 303 535 ship
P0260__1__0___423 0.256 38 267 30 263 39 244 47 248 small-vehicle
P0260__1__0___423 0.272 949 220 920 -119 1024 -128 1053 211 harbor
P0260__1__0___423 0.327 12 620 -3 610 1 603 17 613 small-vehicle
P0260__1__0___423 0.336 2 329 -6 324 3 306 12 311 small-vehicle
P0260__1__0___423 0.367 132 264 127 255 147 245 152 254 small-vehicle
P0260__1__0___423 0.369 132 277 128 269 147 258 151 266 small-vehicle
P0260__1__0___423 0.370 -5 183 -13 175 3 158 11 166 small-vehicle
P0260__1__0___423 0.372 102 256 94 251 105 235 113 240 small-vehicle
P0260__1__0___423 0.385 800 236 779 -62 869 -68 890 230 harbor
P0260__1__0___423 0.385 76 225 59 213 65 204 82 216 small-vehicle
P0260__1__0___423 0.389 891 991 882 986 892 968 901 973 small-vehicle
P0260__1__0___423 0.390 3 195 -4 188 10 170 18 177 small-vehicle
P0260__1__0___423 0.396 133 122 129 113 148 103 152 112 small-vehicle
P0260__1__0___423 0.411 287 313 270 311 270 302 287 304 ship
P0260__1__0___423 0.425 666 250 646 -35 729 -40 749 245 harbor
P0260__1__0___423 0.426 8 557 -8 546 -2 536 14 547 small-vehicle
P0260__1__0___423 0.426 12 221 4 214 19 196 27 203 small-vehicle
P0260__1__0___423 0.430 137 211 132 203 148 194 153 202 small-vehicle
P0260__1__0___423 0.444 39 939 34 930 52 920 57 929 small-vehicle
P0260__1__0___423 0.456 828 1023 827 1013 847 1012 848 1022 small-vehicle
P0260__1__0___423 0.457 131 289 128 281 146 272 149 280 small-vehicle
P0260__1__0___423 0.460 74 146 57 138 61 129 78 137 small-vehicle
P0260__1__0___423 0.485 136 574 130 565 147 553 153 562 small-vehicle
P0260__1__0___423 0.485 72 97 63 93 71 74 80 78 small-vehicle
P0260__1__0___423 0.486 132 302 128 292 149 285 153 295 small-vehicle
P0260__1__0___423 0.494 129 688 123 678 144 667 150 677 small-vehicle
P0260__1__0___423 0.505 534 258 515 -28 597 -34 616 252 harbor
P0260__1__0___423 0.511 129 674 124 664 146 653 151 663 small-vehicle
P0260__1__0___423 0.513 129 459 124 450 146 438 151 447 small-vehicle
P0260__1__0___423 0.513 325 716 240 713 256 283 341 286 harbor
P0260__1__0___423 0.516 728 420 723 400 803 379 808 399 ship
P0260__1__0___423 0.519 916 952 909 947 921 931 928 936 small-vehicle
P0260__1__0___423 0.524 1001 207 1000 192 1042 190 1043 205 ship
P0260__1__0___423 0.530 136 511 130 503 147 492 153 500 small-vehicle
P0260__1__0___423 0.532 16 950 15 929 25 929 26 950 small-vehicle
P0260__1__0___423 0.541 68 32 51 21 57 13 74 24 small-vehicle
P0260__1__0___423 0.544 43 875 37 866 54 854 60 863 small-vehicle
P0260__1__0___423 0.546 133 637 128 629 144 618 149 626 small-vehicle
P0260__1__0___423 0.554 40 800 36 792 53 783 57 791 small-vehicle
P0260__1__0___423 0.565 41 645 35 636 54 624 60 633 small-vehicle
P0260__1__0___423 0.567 996 927 977 917 981 908 1000 918 small-vehicle
P0260__1__0___423 0.571 134 488 129 479 147 467 152 476 small-vehicle
P0260__1__0___423 0.580 392 258 369 -13 461 -20 484 251 harbor
P0260__1__0___423 0.591 546 847 456 531 549 504 639 820 harbor
P0260__1__0___423 0.596 38 899 34 890 51 882 55 891 small-vehicle
P0260__1__0___423 0.597 904 974 896 968 907 951 915 957 small-vehicle
P0260__1__0___423 0.598 300 274 246 272 255 33 309 35 harbor
P0260__1__0___423 0.605 134 475 129 466 147 456 152 465 small-vehicle
P0260__1__0___423 0.607 892 391 886 366 965 346 971 371 ship
P0260__1__0___423 0.609 856 888 838 878 843 869 861 879 small-vehicle
P0260__1__0___423 0.609 41 811 37 802 54 794 58 803 small-vehicle
P0260__1__0___423 0.614 835 751 734 416 820 390 921 725 harbor
P0260__1__0___423 0.616 994 164 994 147 1041 145 1041 162 ship
P0260__1__0___423 0.621 800 906 780 896 785 887 805 897 small-vehicle
P0260__1__0___423 0.625 1012 922 995 914 999 905 1016 913 small-vehicle
P0260__1__0___423 0.629 705 798 589 441 658 419 774 776 harbor
P0260__1__0___423 0.635 989 702 894 390 978 365 1073 677 harbor
P0260__1__0___423 0.646 13 601 1 584 10 578 22 595 small-vehicle
P0260__1__0___423 0.650 824 897 808 887 813 878 829 888 small-vehicle
P0260__1__0___423 0.652 945 156 944 142 980 139 981 153 ship
P0260__1__0___423 0.655 970 855 951 841 957 832 976 846 small-vehicle
P0260__1__0___423 0.657 665 184 664 172 696 169 697 181 ship
P0260__1__0___423 0.660 965 463 960 449 1002 434 1007 448 ship
P0260__1__0___423 0.662 998 140 997 125 1041 123 1042 138 ship
P0260__1__0___423 0.667 333 299 261 295 262 274 334 278 ship
P0260__1__0___423 0.672 995 116 994 104 1028 101 1029 113 ship
P0260__1__0___423 0.680 578 227 578 215 609 214 609 226 ship
P0260__1__0___423 0.689 596 464 591 451 625 439 630 452 ship
P0260__1__0___423 0.691 961 236 960 217 1026 213 1027 232 ship
P0260__1__0___423 0.692 848 170 848 158 881 155 881 167 ship
P0260__1__0___423 0.698 262 381 261 358 333 356 334 379 ship
P0260__1__0___423 0.698 949 193 948 180 984 176 985 189 ship
P0260__1__0___423 0.699 570 49 569 38 601 38 602 49 ship
P0260__1__0___423 0.709 330 432 266 431 267 411 331 412 ship
P0260__1__0___423 0.715 577 185 577 173 610 170 610 182 ship
P0260__1__0___423 0.716 578 204 577 192 609 189 610 201 ship
P0260__1__0___423 0.723 988 53 986 37 1031 32 1033 48 ship
P0260__1__0___423 0.726 848 209 847 195 883 192 884 206 ship
P0260__1__0___423 0.732 561 18 561 6 594 3 594 15 ship
P0260__1__0___423 0.734 529 193 528 178 564 176 565 191 ship
P0260__1__0___423 0.735 583 243 582 231 616 230 617 242 ship
P0260__1__0___423 0.737 810 257 808 237 873 232 875 252 ship
P0260__1__0___423 0.740 805 474 800 461 836 447 841 460 ship
P0260__1__0___423 0.740 436 94 435 82 469 79 470 91 ship
P0260__1__0___423 0.742 676 269 675 250 739 246 740 265 ship
P0260__1__0___423 0.746 438 112 437 100 469 99 470 111 ship
P0260__1__0___423 0.749 835 91 834 75 880 72 881 88 ship
P0260__1__0___423 0.750 703 67 703 55 736 52 736 64 ship
P0260__1__0___423 0.751 831 8 830 -5 868 -6 869 7 ship
P0260__1__0___423 0.755 561 36 561 22 598 21 598 35 ship
P0260__1__0___423 0.759 386 171 385 157 425 154 426 168 ship
P0260__1__0___423 0.759 541 277 539 254 610 248 612 271 ship
P0260__1__0___423 0.761 572 113 572 101 603 98 603 110 ship
P0260__1__0___423 0.761 429 76 429 63 464 61 464 74 ship
P0260__1__0___423 0.766 940 117 940 102 979 100 979 115 ship
P0260__1__0___423 0.769 307 251 262 250 262 234 307 235 ship
P0260__1__0___423 0.771 952 427 947 413 989 398 994 412 ship
P0260__1__0___423 0.773 834 70 833 56 873 53 874 67 ship
P0260__1__0___423 0.773 303 127 260 126 260 110 303 111 ship
P0260__1__0___423 0.778 303 58 264 58 264 43 303 43 ship
P0260__1__0___423 0.779 702 26 701 13 733 11 734 24 ship
P0260__1__0___423 0.782 304 171 260 169 261 154 305 156 ship
P0260__1__0___423 0.788 843 131 843 118 878 116 878 129 ship
P0260__1__0___423 0.789 842 149 841 135 879 134 880 148 ship
P0260__1__824___0 0.255 334 105 331 83 341 82 344 104 small-vehicle
P0260__1__824___0 0.273 410 92 407 78 445 71 448 85 large-vehicle
P0260__1__824___0 0.276 3 1178 -94 857 -7 831 90 1152 harbor
P0260__1__824___0 0.281 19 133 2 116 10 108 27 125 small-vehicle
P0260__1__824___0 0.300 107 129 89 112 96 104 114 121 small-vehicle
P0260__1__824___0 0.304 1023 273 1011 258 1018 252 1030 267 small-vehicle
P0260__1__824___0 0.315 60 20 50 4 59 0 69 15 small-vehicle
P0260__1__824___0 0.329 320 110 309 109 309 87 320 88 small-vehicle
P0260__1__824___0 0.336 811 178 795 158 804 151 820 171 small-vehicle
P0260__1__824___0 0.396 892 137 881 123 889 118 900 132 small-vehicle
P0260__1__824___0 0.397 153 1098 66 815 154 789 241 1072 harbor
P0260__1__824___0 0.406 823 220 814 216 824 195 833 199 small-vehicle
P0260__1__824___0 0.420 652 99 636 81 643 74 659 92 small-vehicle
P0260__1__824___0 0.431 1018 301 1004 283 1013 276 1027 294 small-vehicle
P0260__1__824___0 0.434 395 190 383 172 392 167 404 185 small-vehicle
P0260__1__824___0 0.436 864 210 856 207 863 187 871 190 small-vehicle
P0260__1__824___0 0.439 740 766 664 276 729 265 805 755 harbor
P0260__1__824___0 0.440 283 198 268 178 276 171 291 191 small-vehicle
P0260__1__824___0 0.442 259 114 256 92 266 91 269 113 small-vehicle
P0260__1__824___0 0.443 990 104 982 100 989 83 997 87 small-vehicle
P0260__1__824___0 0.448 962 178 949 161 957 155 970 172 small-vehicle
P0260__1__824___0 0.454 852 211 844 208 851 190 859 193 small-vehicle
P0260__1__824___0 0.459 884 158 872 143 879 137 891 152 small-vehicle
P0260__1__824___0 0.466 322 104 321 82 331 81 332 103 small-vehicle
P0260__1__824___0 0.470 883 140 871 125 878 119 890 134 small-vehicle
P0260__1__824___0 0.488 19 219 6 202 14 196 27 213 small-vehicle
P0260__1__824___0 0.503 890 462 880 458 887 437 897 441 small-vehicle
P0260__1__824___0 0.508 9 22 -1 5 6 0 17 16 small-vehicle
P0260__1__824___0 0.511 1006 234 999 232 1005 215 1012 217 small-vehicle
P0260__1__824___0 0.513 902 457 894 455 899 436 907 438 small-vehicle
P0260__1__824___0 0.519 717 116 701 100 708 93 724 109 small-vehicle
P0260__1__824___0 0.521 1021 347 1013 344 1020 324 1028 327 small-vehicle
P0260__1__824___0 0.522 977 283 964 267 972 260 985 276 small-vehicle
P0260__1__824___0 0.523 905 478 896 474 904 453 913 457 small-vehicle
P0260__1__824___0 0.523 964 108 956 104 963 87 971 91 small-vehicle
P0260__1__824___0 0.523 345 107 341 86 350 84 354 105 small-vehicle
P0260__1__824___0 0.524 116 75 97 59 105 50 124 66 small-vehicle
P0260__1__824___0 0.526 1003 278 988 260 996 253 1011 271 small-vehicle
P0260__1__824___0 0.532 991 283 979 266 986 260 998 277 small-vehicle
P0260__1__824___0 0.540 -38 658 -61 322 32 315 55 651 harbor
P0260__1__824___0 0.540 28 159 28 149 51 148 51 158 small-vehicle
P0260__1__824___0 0.557 895 479 885 475 892 454 902 458 small-vehicle
P0260__1__824___0 0.562 140 885 136 872 179 858 183 871 ship
P0260__1__824___0 0.562 981 304 969 289 976 283 988 298 small-vehicle
P0260__1__824___0 0.563 254 201 240 184 247 178 261 195 small-vehicle
P0260__1__824___0 0.564 436 177 435 168 455 166 456 175 small-vehicle
P0260__1__824___0 0.565 914 456 904 454 911 433 921 435 small-vehicle
P0260__1__824___0 0.570 309 791 305 778 342 768 346 781 ship
P0260__1__824___0 0.573 959 157 946 140 954 134 967 151 small-vehicle
P0260__1__824___0 0.574 190 143 190 133 211 132 211 142 small-vehicle
P0260__1__824___0 0.574 971 802 951 800 956 761 976 763 swimming-pool
P0260__1__824___0 0.579 1013 366 1005 363 1012 345 1020 348 small-vehicle
P0260__1__824___0 0.580 859 146 845 129 852 123 866 140 small-vehicle
P0260__1__824___0 0.583 872 162 859 147 867 141 880 156 small-vehicle
P0260__1__824___0 0.583 0 341 0 331 24 330 24 340 ship
P0260__1__824___0 0.583 503 909 500 899 528 890 531 900 ship
P0260__1__824___0 0.584 -18 897 -23 884 12 870 17 883 ship
P0260__1__824___0 0.585 873 213 864 209 872 190 881 194 small-vehicle
P0260__1__824___0 0.591 504 590 478 289 591 279 617 580 harbor
P0260__1__824___0 0.592 306 620 277 286 387 277 416 611 harbor
P0260__1__824___0 0.594 126 644 97 305 197 297 226 636 harbor
P0260__1__824___0 0.594 1011 343 1002 340 1010 322 1019 325 small-vehicle
P0260__1__824___0 0.599 990 178 978 160 985 155 997 173 small-vehicle
P0260__1__824___0 0.600 837 218 829 215 836 197 844 200 small-vehicle
P0260__1__824___0 0.601 971 241 963 238 970 218 978 221 small-vehicle
P0260__1__824___0 0.603 993 302 980 285 988 279 1001 296 small-vehicle
P0260__1__824___0 0.605 927 453 918 450 924 430 933 433 small-vehicle
P0260__1__824___0 0.607 975 174 961 158 968 153 982 169 small-vehicle
P0260__1__824___0 0.611 430 184 420 166 429 161 439 179 small-vehicle
P0260__1__824___0 0.612 979 221 970 218 976 202 985 205 small-vehicle
P0260__1__824___0 0.613 850 168 837 151 845 145 858 162 small-vehicle
P0260__1__824___0 0.614 965 223 956 220 964 202 973 205 small-vehicle
P0260__1__824___0 0.614 1006 467 994 465 999 440 1011 442 small-vehicle
P0260__1__824___0 0.616 292 370 291 354 329 351 330 367 ship
P0260__1__824___0 0.616 917 478 908 475 916 453 925 456 small-vehicle
P0260__1__824___0 0.620 133 126 117 112 124 105 140 119 small-vehicle
P0260__1__824___0 0.622 933 471 924 468 930 450 939 453 small-vehicle
P0260__1__824___0 0.625 407 186 396 168 404 163 415 181 small-vehicle
P0260__1__824___0 0.626 878 460 868 457 875 437 885 440 small-vehicle
P0260__1__824___0 0.629 985 156 972 139 980 133 993 150 small-vehicle
P0260__1__824___0 0.634 939 450 930 447 936 427 945 430 small-vehicle
P0260__1__824___0 0.636 704 502 702 487 745 481 747 496 ship
P0260__1__824___0 0.637 987 352 978 348 986 327 995 331 small-vehicle
P0260__1__824___0 0.637 883 530 869 511 878 505 892 524 small-vehicle
P0260__1__824___0 0.637 332 1068 246 784 347 753 433 1037 harbor
P0260__1__824___0 0.638 353 366 353 354 386 353 386 365 ship
P0260__1__824___0 0.639 418 187 409 168 417 164 426 183 small-vehicle
P0260__1__824___0 0.643 514 1012 445 753 557 723 626 982 harbor
P0260__1__824___0 0.646 120 579 119 565 155 562 156 576 ship
P0260__1__824___0 0.646 492 181 483 162 491 158 500 177 small-vehicle
P0260__1__824___0 0.646 871 144 856 126 864 119 879 137 small-vehicle
P0260__1__824___0 0.646 716 701 713 684 777 674 780 691 ship
P0260__1__824___0 0.649 944 470 936 467 943 447 951 450 small-vehicle
P0260__1__824___0 0.654 124 616 123 603 159 601 160 614 ship
P0260__1__824___0 0.655 995 236 988 233 994 215 1001 218 small-vehicle
P0260__1__824___0 0.655 216 204 202 187 209 181 223 198 small-vehicle
P0260__1__824___0 0.662 708 620 706 602 759 595 761 613 ship
P0260__1__824___0 0.665 982 244 974 241 981 221 989 224 small-vehicle
P0260__1__824___0 0.666 509 561 508 546 546 544 547 559 ship
P0260__1__824___0 0.671 296 950 291 936 329 923 334 937 ship
P0260__1__824___0 0.673 188 204 177 186 185 181 196 199 small-vehicle
P0260__1__824___0 0.673 153 336 152 320 198 317 199 333 ship
P0260__1__824___0 0.677 477 291 475 274 528 270 530 287 ship
P0260__1__824___0 0.683 8 432 7 418 43 415 44 429 ship
P0260__1__824___0 0.687 -7 679 -8 660 49 656 50 675 ship
P0260__1__824___0 0.688 162 381 161 366 197 364 198 379 ship
P0260__1__824___0 0.699 365 536 365 523 402 521 402 534 ship
P0260__1__824___0 0.699 24 593 24 581 57 578 57 590 ship
P0260__1__824___0 0.699 554 408 554 391 599 389 599 406 ship
P0260__1__824___0 0.702 837 169 824 152 832 146 845 163 small-vehicle
P0260__1__824___0 0.704 550 337 549 321 593 318 594 334 ship
P0260__1__824___0 0.705 704 649 701 631 759 622 762 640 ship
P0260__1__824___0 0.706 498 499 496 480 547 476 549 495 ship
P0260__1__824___0 0.706 562 513 561 500 607 496 608 509 ship
P0260__1__824___0 0.708 721 725 718 706 774 698 777 717 ship
P0260__1__824___0 0.709 68 813 62 789 139 768 145 792 ship
P0260__1__824___0 0.716 254 784 249 766 317 745 322 763 ship
P0260__1__824___0 0.718 354 419 353 403 395 400 396 416 ship
P0260__1__824___0 0.720 5 412 3 396 42 393 44 409 ship
P0260__1__824___0 0.723 563 537 563 525 596 522 596 534 ship
P0260__1__824___0 0.724 492 355 492 342 523 340 523 353 ship
P0260__1__824___0 0.724 150 315 149 304 179 302 180 313 ship
P0260__1__824___0 0.728 688 412 686 396 733 391 735 407 ship
P0260__1__824___0 0.729 11 514 10 498 56 495 57 511 ship
P0260__1__824___0 0.732 24 632 23 618 59 615 60 629 ship
P0260__1__824___0 0.735 295 481 293 465 338 462 340 478 ship
P0260__1__824___0 0.742 346 401 345 382 397 378 398 397 ship
P0260__1__824___0 0.745 139 659 138 640 204 636 205 655 ship
P0260__1__824___0 0.746 116 540 116 525 155 523 155 538 ship
P0260__1__824___0 0.746 491 431 489 414 540 410 542 427 ship
P0260__1__824___0 0.748 713 570 711 554 754 549 756 565 ship
P0260__1__824___0 0.748 175 562 174 547 214 545 215 560 ship
P0260__1__824___0 0.750 720 753 716 735 779 724 783 742 ship
P0260__1__824___0 0.751 19 554 18 541 54 539 55 552 ship
P0260__1__824___0 0.751 343 347 343 329 396 328 396 346 ship
P0260__1__824___0 0.751 172 588 171 570 219 567 220 585 ship
P0260__1__824___0 0.756 333 880 328 865 370 851 375 866 ship
P0260__1__824___0 0.760 355 449 352 435 392 428 395 442 ship
P0260__1__824___0 0.761 363 606 362 589 408 585 409 602 ship
P0260__1__824___0 0.761 172 540 171 527 207 523 208 536 ship
P0260__1__824___0 0.763 353 469 352 452 398 448 399 465 ship
P0260__1__824___0 0.764 163 475 162 459 206 456 207 472 ship
P0260__1__824___0 0.766 10 494 9 480 49 477 50 491 ship
P0260__1__824___0 0.766 524 1018 517 1002 559 985 566 1001 ship
P0260__1__824___0 0.767 299 527 297 510 342 506 344 523 ship
P0260__1__824___0 0.767 354 497 352 478 405 474 407 493 ship
P0260__1__824___0 0.768 362 515 361 501 397 498 398 512 ship
P0260__1__824___0 0.769 179 631 178 616 222 612 223 627 ship
P0260__1__824___0 0.772 281 325 281 313 316 310 316 322 ship
P0260__1__824___0 0.778 17 572 16 558 54 557 55 571 ship
P0260__1__824___0 0.784 127 849 122 835 164 822 169 836 ship
P0260__1__824___0 0.787 713 550 710 536 750 529 753 543 ship
P0260__1__824___0 0.790 359 643 357 614 406 610 408 639 ship
P0260__1__824___423 0.281 739 791 733 775 740 772 746 788 ship
P0260__1__824___423 0.294 780 786 763 772 769 765 786 779 ship
P0260__1__824___423 0.295 121 219 93 -111 202 -121 230 209 harbor
P0260__1__824___423 0.310 -40 237 -67 -75 30 -83 57 229 harbor
P0260__1__824___423 0.325 498 171 470 -160 593 -171 621 160 harbor
P0260__1__824___423 0.332 706 1024 699 1010 773 971 780 985 harbor
P0260__1__824___423 0.343 744 814 735 796 743 793 752 811 ship
P0260__1__824___423 0.348 689 998 682 984 758 943 765 957 harbor
P0260__1__824___423 0.355 298 198 266 -173 387 -184 419 187 harbor
P0260__1__824___423 0.382 737 821 726 803 734 798 745 816 ship
P0260__1__824___423 0.384 734 339 674 -40 741 -51 801 328 harbor
P0260__1__824___423 0.399 68 990 59 985 69 967 78 972 small-vehicle
P0260__1__824___423 0.421 1014 936 985 930 987 919 1016 925 ship
P0260__1__824___423 0.422 968 1030 957 1026 965 1003 976 1007 ship
P0260__1__824___423 0.479 999 955 976 950 978 942 1001 947 ship
P0260__1__824___423 0.493 878 1036 867 1027 889 1001 900 1010 ship
P0260__1__824___423 0.495 213 913 196 902 200 894 217 905 small-vehicle
P0260__1__824___423 0.509 -5 754 -99 425 -4 397 89 726 harbor
P0260__1__824___423 0.509 905 55 896 51 904 30 913 34 small-vehicle
P0260__1__824___423 0.516 1006 45 994 43 999 18 1011 20 small-vehicle
P0260__1__824___423 0.521 4 1023 3 1013 23 1012 24 1022 small-vehicle
P0260__1__824___423 0.554 890 38 880 34 887 13 897 17 small-vehicle
P0260__1__824___423 0.558 172 927 153 917 157 908 176 918 small-vehicle
P0260__1__824___423 0.559 894 55 885 51 893 30 902 34 small-vehicle
P0260__1__824___423 0.563 902 34 893 32 899 13 908 15 small-vehicle
P0260__1__824___423 0.563 939 26 930 24 936 5 945 7 small-vehicle
P0260__1__824___423 0.572 503 485 500 475 528 466 531 476 ship
P0260__1__824___423 0.574 309 369 305 354 342 344 346 359 ship
P0260__1__824___423 0.577 80 972 72 968 83 951 91 955 small-vehicle
P0260__1__824___423 0.577 520 734 504 721 511 713 527 726 small-vehicle
P0260__1__824___423 0.577 33 888 13 878 18 869 38 879 small-vehicle
P0260__1__824___423 0.581 92 952 85 946 97 931 104 937 small-vehicle
P0260__1__824___423 0.583 971 380 952 377 956 339 975 342 swimming-pool
P0260__1__824___423 0.584 1001 945 972 941 974 930 1003 934 ship
P0260__1__824___423 0.587 -18 474 -23 461 12 447 17 460 ship
P0260__1__824___423 0.594 933 48 924 45 930 27 939 30 small-vehicle
P0260__1__824___423 0.599 927 30 918 27 924 7 933 10 small-vehicle
P0260__1__824___423 0.602 883 107 869 88 878 82 892 101 small-vehicle
P0260__1__824___423 0.607 914 33 904 30 911 10 921 13 small-vehicle
P0260__1__824___423 0.612 992 968 967 961 969 951 994 958 ship
P0260__1__824___423 0.621 165 705 69 392 154 366 250 679 harbor
P0260__1__824___423 0.624 290 892 274 882 279 875 295 885 small-vehicle
P0260__1__824___423 0.625 986 984 959 976 963 965 990 973 ship
P0260__1__824___423 0.625 945 46 937 43 944 25 952 28 small-vehicle
P0260__1__824___423 0.632 187 922 171 913 176 905 192 914 small-vehicle
P0260__1__824___423 0.632 853 790 818 784 820 773 855 779 ship
P0260__1__824___423 0.636 515 593 444 330 556 300 627 563 harbor
P0260__1__824___423 0.638 918 55 909 52 917 30 926 33 small-vehicle
P0260__1__824___423 0.640 855 626 836 617 840 609 859 618 small-vehicle
P0260__1__824___423 0.644 121 156 120 142 156 139 157 153 ship
P0260__1__824___423 0.645 973 841 959 832 986 790 1000 799 ship
P0260__1__824___423 0.646 146 855 127 841 133 832 152 846 small-vehicle
P0260__1__824___423 0.649 719 280 716 263 776 251 779 268 ship
P0260__1__824___423 0.658 324 654 320 639 375 623 379 638 ship
P0260__1__824___423 0.667 635 698 618 685 624 677 641 690 small-vehicle
P0260__1__824___423 0.670 140 463 135 449 177 434 182 448 ship
P0260__1__824___423 0.673 290 810 274 797 281 789 297 802 small-vehicle
P0260__1__824___423 0.676 -4 256 -5 236 50 233 51 253 ship
P0260__1__824___423 0.678 879 37 869 34 876 14 886 17 small-vehicle
P0260__1__824___423 0.680 332 648 244 360 347 329 435 617 harbor
P0260__1__824___423 0.686 903 767 889 742 898 736 912 761 ship
P0260__1__824___423 0.687 703 80 701 64 744 57 746 73 ship
P0260__1__824___423 0.695 255 361 249 343 316 322 322 340 ship
P0260__1__824___423 0.699 25 170 25 158 58 155 58 167 ship
P0260__1__824___423 0.700 242 902 225 893 229 885 246 894 small-vehicle
P0260__1__824___423 0.706 709 197 707 179 758 172 760 190 ship
P0260__1__824___423 0.706 564 115 563 103 597 100 598 112 ship
P0260__1__824___423 0.709 493 7 492 -8 540 -11 541 4 ship
P0260__1__824___423 0.709 124 193 123 180 159 176 160 189 ship
P0260__1__824___423 0.713 702 228 699 208 759 197 762 217 ship
P0260__1__824___423 0.713 497 76 495 57 546 53 548 72 ship
P0260__1__824___423 0.727 24 209 23 195 59 192 60 206 ship
P0260__1__824___423 0.729 713 146 711 130 754 125 756 141 ship
P0260__1__824___423 0.732 296 527 291 513 329 500 334 514 ship
P0260__1__824___423 0.733 138 236 137 216 205 213 206 233 ship
P0260__1__824___423 0.742 294 58 293 42 339 39 340 55 ship
P0260__1__824___423 0.742 179 208 178 193 222 189 223 204 ship
P0260__1__824___423 0.743 393 630 388 616 432 603 437 617 ship
P0260__1__824___423 0.743 361 91 361 78 398 76 398 89 ship
P0260__1__824___423 0.743 354 74 352 55 405 51 407 70 ship
P0260__1__824___423 0.745 720 330 717 311 779 301 782 320 ship
P0260__1__824___423 0.746 69 391 62 367 140 346 147 370 ship
P0260__1__824___423 0.746 7 8 7 -5 44 -6 44 7 ship
P0260__1__824___423 0.747 11 91 10 75 56 72 57 88 ship
P0260__1__824___423 0.747 354 26 352 11 393 5 395 20 ship
P0260__1__824___423 0.747 172 166 170 148 219 143 221 161 ship
P0260__1__824___423 0.748 363 183 362 166 408 162 409 179 ship
P0260__1__824___423 0.750 721 304 717 285 772 275 776 294 ship
P0260__1__824___423 0.752 562 90 561 77 607 73 608 86 ship
P0260__1__824___423 0.754 353 46 352 30 398 27 399 43 ship
P0260__1__824___423 0.754 175 141 174 125 214 122 215 138 ship
P0260__1__824___423 0.758 116 117 116 102 155 100 155 115 ship
P0260__1__824___423 0.762 335 627 329 611 368 598 374 614 ship
P0260__1__824___423 0.762 365 113 365 100 402 98 402 111 ship
P0260__1__824___423 0.769 19 131 19 118 54 116 54 129 ship
P0260__1__824___423 0.770 10 71 9 57 49 54 50 68 ship
P0260__1__824___423 0.771 510 138 508 124 545 121 547 135 ship
P0260__1__824___423 0.772 172 115 170 103 207 100 209 112 ship
P0260__1__824___423 0.774 333 457 328 442 370 428 375 443 ship
P0260__1__824___423 0.779 163 52 162 36 206 33 207 49 ship
P0260__1__824___423 0.782 299 104 297 88 342 83 344 99 ship
P0260__1__824___423 0.783 712 126 710 112 751 105 753 119 ship
P0260__1__824___423 0.783 16 149 16 135 55 134 55 148 ship
P0260__1__824___423 0.788 128 425 123 411 165 398 170 412 ship
P0260__1__824___423 0.792 360 219 357 190 405 186 408 215 ship
P0260__1__824___423 0.796 524 594 517 579 559 563 566 578 ship
P0260__1__838___0 0.256 396 93 393 78 433 70 436 85 large-vehicle
P0260__1__838___0 0.269 -14 1162 -101 875 -9 847 77 1134 harbor
P0260__1__838___0 0.273 73 126 59 112 66 105 80 119 small-vehicle
P0260__1__838___0 0.278 297 108 296 88 306 87 307 107 small-vehicle
P0260__1__838___0 0.303 556 550 555 543 571 541 572 548 ship
P0260__1__838___0 0.315 -15 342 -15 332 11 331 11 341 ship
P0260__1__838___0 0.320 976 105 968 101 975 84 983 88 small-vehicle
P0260__1__838___0 0.334 798 177 782 157 791 150 807 170 small-vehicle
P0260__1__838___0 0.340 93 130 75 113 82 105 100 122 small-vehicle
P0260__1__838___0 0.364 141 1109 52 815 142 788 231 1082 harbor
P0260__1__838___0 0.392 319 105 316 85 326 84 329 104 small-vehicle
P0260__1__838___0 0.408 1017 299 1006 282 1014 276 1025 293 small-vehicle
P0260__1__838___0 0.408 858 162 845 147 853 141 866 156 small-vehicle
P0260__1__838___0 0.412 47 20 38 5 46 1 55 16 small-vehicle
P0260__1__838___0 0.416 824 219 815 216 823 198 832 201 small-vehicle
P0260__1__838___0 0.418 878 138 868 125 875 119 885 132 small-vehicle
P0260__1__838___0 0.442 244 112 243 91 253 91 254 112 small-vehicle
P0260__1__838___0 0.444 4 219 -9 201 0 194 13 212 small-vehicle
P0260__1__838___0 0.447 307 102 306 81 316 81 317 102 small-vehicle
P0260__1__838___0 0.450 888 458 879 455 885 435 894 438 small-vehicle
P0260__1__838___0 0.451 977 284 965 267 972 261 984 278 small-vehicle
P0260__1__838___0 0.455 101 75 83 59 90 50 108 66 small-vehicle
P0260__1__838___0 0.459 638 98 622 80 629 73 645 91 small-vehicle
P0260__1__838___0 0.462 913 453 903 450 910 430 920 433 small-vehicle
P0260__1__838___0 0.468 203 202 189 187 196 181 210 196 small-vehicle
P0260__1__838___0 0.473 905 479 894 476 902 452 913 455 small-vehicle
P0260__1__838___0 0.473 838 211 830 207 837 190 845 194 small-vehicle
P0260__1__838___0 0.474 724 761 648 272 715 262 791 751 harbor
P0260__1__838___0 0.481 869 158 857 143 864 137 876 152 small-vehicle
P0260__1__838___0 0.499 994 235 986 233 991 216 999 218 small-vehicle
P0260__1__838___0 0.507 382 191 370 171 379 166 391 186 small-vehicle
P0260__1__838___0 0.508 963 283 950 266 958 260 971 277 small-vehicle
P0260__1__838___0 0.509 393 186 382 168 390 163 401 181 small-vehicle
P0260__1__838___0 0.518 949 107 941 103 948 86 956 90 small-vehicle
P0260__1__838___0 0.521 957 803 938 801 942 762 961 764 swimming-pool
P0260__1__838___0 0.524 489 909 486 899 512 890 515 900 ship
P0260__1__838___0 0.525 -17 414 -19 396 29 391 31 409 ship
P0260__1__838___0 0.526 880 478 870 474 877 453 887 457 small-vehicle
P0260__1__838___0 0.526 330 106 327 84 337 83 340 105 small-vehicle
P0260__1__838___0 0.528 -7 433 -8 418 29 414 30 429 ship
P0260__1__838___0 0.535 -49 655 -71 333 29 326 51 648 harbor
P0260__1__838___0 0.538 695 619 693 601 744 596 746 614 ship
P0260__1__838___0 0.538 1009 346 999 343 1006 323 1016 326 small-vehicle
P0260__1__838___0 0.540 14 159 14 149 37 148 37 158 small-vehicle
P0260__1__838___0 0.545 415 183 406 165 414 162 423 180 small-vehicle
P0260__1__838___0 0.545 926 449 917 447 923 428 932 430 small-vehicle
P0260__1__838___0 0.551 240 201 227 184 235 178 248 195 small-vehicle
P0260__1__838___0 0.556 857 145 842 127 850 120 865 138 small-vehicle
P0260__1__838___0 0.558 969 244 961 241 968 221 976 224 small-vehicle
P0260__1__838___0 0.559 920 472 911 470 917 451 926 453 small-vehicle
P0260__1__838___0 0.561 961 174 947 157 954 151 968 168 small-vehicle
P0260__1__838___0 0.562 946 157 933 140 941 134 954 151 small-vehicle
P0260__1__838___0 0.569 864 460 854 457 861 437 871 440 small-vehicle
P0260__1__838___0 0.570 422 177 421 168 441 166 442 175 small-vehicle
P0260__1__838___0 0.571 1015 280 1001 264 1008 257 1022 273 small-vehicle
P0260__1__838___0 0.575 809 220 800 216 810 195 819 199 small-vehicle
P0260__1__838___0 0.575 971 156 958 139 966 133 979 150 small-vehicle
P0260__1__838___0 0.575 868 141 855 126 863 120 876 135 small-vehicle
P0260__1__838___0 0.577 -22 681 -24 661 36 656 38 676 ship
P0260__1__838___0 0.581 966 304 954 289 961 283 973 298 small-vehicle
P0260__1__838___0 0.585 177 143 176 134 196 132 197 141 small-vehicle
P0260__1__838___0 0.587 269 198 254 178 262 171 277 191 small-vehicle
P0260__1__838___0 0.588 958 240 950 237 957 219 965 222 small-vehicle
P0260__1__838___0 0.590 113 641 84 308 184 300 213 633 harbor
P0260__1__838___0 0.591 860 214 851 210 859 191 868 195 small-vehicle
P0260__1__838___0 0.594 277 370 276 354 314 351 315 367 ship
P0260__1__838___0 0.597 1013 364 1004 361 1010 343 1019 346 small-vehicle
P0260__1__838___0 0.598 291 619 263 289 376 280 404 610 harbor
P0260__1__838___0 0.602 845 146 831 129 838 123 852 140 small-vehicle
P0260__1__838___0 0.603 295 790 291 777 328 767 332 780 ship
P0260__1__838___0 0.605 319 1075 231 786 336 754 424 1043 harbor
P0260__1__838___0 0.605 1004 300 991 281 999 275 1012 294 small-vehicle
P0260__1__838___0 0.606 110 616 109 603 145 599 146 612 ship
P0260__1__838___0 0.606 988 278 973 260 981 253 996 271 small-vehicle
P0260__1__838___0 0.614 999 367 991 364 998 346 1006 349 small-vehicle
P0260__1__838___0 0.616 1014 512 1010 491 1021 489 1025 510 small-vehicle
P0260__1__838___0 0.617 993 467 981 465 986 440 998 442 small-vehicle
P0260__1__838___0 0.620 689 502 687 487 730 481 732 496 ship
P0260__1__838___0 0.622 974 353 963 349 971 326 982 330 small-vehicle
P0260__1__838___0 0.623 948 178 935 162 943 155 956 171 small-vehicle
P0260__1__838___0 0.625 950 223 942 220 951 202 959 205 small-vehicle
P0260__1__838___0 0.626 702 116 687 100 695 93 710 109 small-vehicle
P0260__1__838___0 0.628 703 702 701 685 762 675 764 692 ship
P0260__1__838___0 0.629 850 210 841 206 849 187 858 191 small-vehicle
P0260__1__838___0 0.632 488 592 462 288 575 279 601 583 harbor
P0260__1__838___0 0.632 996 344 987 341 995 321 1004 324 small-vehicle
P0260__1__838___0 0.636 964 221 956 217 963 200 971 204 small-vehicle
P0260__1__838___0 0.637 281 481 279 465 324 462 326 478 ship
P0260__1__838___0 0.638 340 449 338 435 379 428 381 442 ship
P0260__1__838___0 0.641 901 457 891 453 898 432 908 436 small-vehicle
P0260__1__838___0 0.645 836 168 823 151 831 145 844 162 small-vehicle
P0260__1__838___0 0.645 107 578 106 564 142 561 143 575 ship
P0260__1__838___0 0.645 404 186 395 169 403 165 412 182 small-vehicle
P0260__1__838___0 0.646 978 302 965 285 973 279 986 296 small-vehicle
P0260__1__838___0 0.646 118 126 104 112 111 105 125 119 small-vehicle
P0260__1__838___0 0.646 478 180 469 160 477 157 486 177 small-vehicle
P0260__1__838___0 0.652 982 237 973 234 979 216 988 219 small-vehicle
P0260__1__838___0 0.652 975 177 963 160 972 154 984 171 small-vehicle
P0260__1__838___0 0.655 699 570 696 554 740 547 743 563 ship
P0260__1__838___0 0.661 875 461 865 457 872 436 882 440 small-vehicle
P0260__1__838___0 0.666 339 366 339 354 372 353 372 365 ship
P0260__1__838___0 0.667 174 203 163 187 171 182 182 198 small-vehicle
P0260__1__838___0 0.669 500 1012 431 753 543 723 612 982 harbor
P0260__1__838___0 0.673 931 469 922 467 928 448 937 450 small-vehicle
P0260__1__838___0 0.673 126 886 121 873 163 857 168 870 ship
P0260__1__838___0 0.674 892 477 882 474 889 454 899 457 small-vehicle
P0260__1__838___0 0.676 149 381 148 366 184 364 185 379 ship
P0260__1__838___0 0.677 823 169 810 152 818 146 831 163 small-vehicle
P0260__1__838___0 0.681 339 419 338 403 380 400 381 416 ship
P0260__1__838___0 0.682 241 784 236 765 302 745 307 764 ship
P0260__1__838___0 0.690 869 532 855 512 864 505 878 525 small-vehicle
P0260__1__838___0 0.702 139 336 137 321 184 317 186 332 ship
P0260__1__838___0 0.703 535 337 534 321 578 318 579 334 ship
P0260__1__838___0 0.705 689 649 686 631 744 622 747 640 ship
P0260__1__838___0 0.705 461 291 460 273 516 270 517 288 ship
P0260__1__838___0 0.708 495 562 493 547 530 543 532 558 ship
P0260__1__838___0 0.709 0 514 -1 498 42 495 43 511 ship
P0260__1__838___0 0.717 137 315 136 304 166 302 167 313 ship
P0260__1__838___0 0.719 510 1016 503 1001 545 985 552 1000 ship
P0260__1__838___0 0.719 10 593 10 581 43 578 43 590 ship
P0260__1__838___0 0.721 705 753 702 734 766 724 769 743 ship
P0260__1__838___0 0.724 707 725 704 706 760 698 763 717 ship
P0260__1__838___0 0.725 -3 494 -5 480 35 477 37 491 ship
P0260__1__838___0 0.726 477 431 476 413 526 410 527 428 ship
P0260__1__838___0 0.728 351 537 350 524 388 520 389 533 ship
P0260__1__838___0 0.728 479 355 478 342 508 340 509 353 ship
P0260__1__838___0 0.729 483 499 482 480 534 476 535 495 ship
P0260__1__838___0 0.730 55 814 48 790 124 769 131 793 ship
P0260__1__838___0 0.732 549 513 548 500 592 496 593 509 ship
P0260__1__838___0 0.738 549 537 548 525 582 522 583 534 ship
P0260__1__838___0 0.739 157 539 156 526 194 522 195 535 ship
P0260__1__838___0 0.740 340 498 339 479 391 475 392 494 ship
P0260__1__838___0 0.745 104 540 103 525 141 523 142 538 ship
P0260__1__838___0 0.747 332 401 331 382 383 378 384 397 ship
P0260__1__838___0 0.747 157 588 156 570 206 567 207 585 ship
P0260__1__838___0 0.747 125 659 123 640 190 636 192 655 ship
P0260__1__838___0 0.750 541 408 540 391 584 389 585 406 ship
P0260__1__838___0 0.750 280 950 276 936 315 923 319 937 ship
P0260__1__838___0 0.752 5 554 5 541 40 539 40 552 ship
P0260__1__838___0 0.752 674 412 672 395 719 391 721 408 ship
P0260__1__838___0 0.757 349 515 348 501 384 498 385 512 ship
P0260__1__838___0 0.762 329 348 328 329 382 327 383 346 ship
P0260__1__838___0 0.765 9 631 9 618 46 616 46 629 ship
P0260__1__838___0 0.767 350 606 348 589 393 585 395 602 ship
P0260__1__838___0 0.769 161 562 160 547 200 545 201 560 ship
P0260__1__838___0 0.770 267 326 267 313 302 311 302 324 ship
P0260__1__838___0 0.771 698 550 696 536 737 529 739 543 ship
P0260__1__838___0 0.772 3 572 3 559 40 557 40 570 ship
P0260__1__838___0 0.772 285 527 283 510 328 506 330 523 ship
P0260__1__838___0 0.780 319 880 314 866 356 851 361 865 ship
P0260__1__838___0 0.782 113 849 109 835 150 822 154 836 ship
P0260__1__838___0 0.783 339 470 337 453 384 449 386 466 ship
P0260__1__838___0 0.792 345 642 343 613 392 609 394 638 ship
P0260__1__838___0 0.802 150 475 148 459 191 456 193 472 ship
P0260__1__838___0 0.805 167 630 166 615 208 613 209 628 ship
P0260__1__838___423 0.271 725 791 719 775 726 772 732 788 ship
P0260__1__838___423 0.304 674 998 667 984 745 943 752 957 harbor
P0260__1__838___423 0.305 1035 910 1006 902 1008 891 1037 899 ship
P0260__1__838___423 0.307 -47 237 -74 -73 25 -81 52 229 harbor
P0260__1__838___423 0.320 105 219 70 -190 180 -199 215 210 harbor
P0260__1__838___423 0.331 482 171 453 -171 573 -181 602 161 harbor
P0260__1__838___423 0.344 730 814 721 797 729 793 738 810 ship
P0260__1__838___423 0.352 286 200 255 -165 379 -176 410 189 harbor
P0260__1__838___423 0.363 723 822 712 803 720 799 731 818 ship
P0260__1__838___423 0.372 716 339 655 -50 727 -61 788 328 harbor
P0260__1__838___423 0.398 54 991 45 985 55 968 64 974 small-vehicle
P0260__1__838___423 0.403 1033 918 1004 911 1006 901 1035 908 ship
P0260__1__838___423 0.415 955 1030 944 1026 952 1003 963 1007 ship
P0260__1__838___423 0.448 913 30 903 27 910 7 920 10 small-vehicle
P0260__1__838___423 0.461 693 1024 686 1011 758 973 765 986 harbor
P0260__1__838___423 0.468 984 955 961 951 963 942 986 946 ship
P0260__1__838___423 0.482 993 43 981 41 986 18 998 20 small-vehicle
P0260__1__838___423 0.495 978 968 952 961 955 951 981 958 ship
P0260__1__838___423 0.498 888 34 879 31 885 11 894 14 small-vehicle
P0260__1__838___423 0.498 880 55 870 51 877 30 887 34 small-vehicle
P0260__1__838___423 0.513 864 1037 853 1029 875 1002 886 1010 ship
P0260__1__838___423 0.521 507 735 490 722 496 714 513 727 small-vehicle
P0260__1__838___423 0.528 -13 752 -105 452 -10 423 81 723 harbor
P0260__1__838___423 0.536 620 698 603 685 609 677 626 690 small-vehicle
P0260__1__838___423 0.536 489 484 486 475 512 467 515 476 ship
P0260__1__838___423 0.540 341 25 339 10 378 6 380 21 ship
P0260__1__838___423 0.548 920 48 911 45 917 27 926 30 small-vehicle
P0260__1__838___423 0.549 958 380 939 378 943 339 962 341 swimming-pool
P0260__1__838___423 0.552 925 27 916 24 922 4 931 7 small-vehicle
P0260__1__838___423 0.553 864 36 854 33 861 13 871 16 small-vehicle
P0260__1__838___423 0.561 275 810 260 797 266 789 281 802 small-vehicle
P0260__1__838___423 0.566 999 936 970 930 972 919 1001 925 ship
P0260__1__838___423 0.567 294 368 290 355 329 345 333 358 ship
P0260__1__838___423 0.571 904 55 894 51 903 28 913 32 small-vehicle
P0260__1__838___423 0.577 -6 8 -7 -5 30 -6 31 7 ship
P0260__1__838___423 0.581 158 927 139 917 143 908 162 918 small-vehicle
P0260__1__838___423 0.587 200 913 183 902 187 894 204 905 small-vehicle
P0260__1__838___423 0.590 987 945 959 941 960 930 988 934 ship
P0260__1__838___423 0.593 973 984 947 976 950 965 976 973 ship
P0260__1__838___423 0.611 888 767 874 742 883 736 897 761 ship
P0260__1__838___423 0.614 78 952 71 946 83 931 90 937 small-vehicle
P0260__1__838___423 0.615 173 921 158 913 162 906 177 914 small-vehicle
P0260__1__838___423 0.616 838 790 803 784 805 773 840 779 ship
P0260__1__838___423 0.617 66 974 58 968 69 951 77 957 small-vehicle
P0260__1__838___423 0.618 690 79 688 63 729 58 731 74 ship
P0260__1__838___423 0.618 -24 257 -26 237 36 232 38 252 ship
P0260__1__838___423 0.622 840 627 820 617 825 608 845 618 small-vehicle
P0260__1__838___423 0.623 959 841 945 832 972 790 986 799 ship
P0260__1__838___423 0.630 699 146 697 131 740 125 742 140 ship
P0260__1__838___423 0.640 500 594 429 330 543 299 614 563 harbor
P0260__1__838___423 0.643 892 54 882 51 889 31 899 34 small-vehicle
P0260__1__838___423 0.644 1014 89 1010 68 1021 66 1025 87 small-vehicle
P0260__1__838___423 0.645 19 887 0 877 4 868 24 878 small-vehicle
P0260__1__838___423 0.647 150 706 54 391 141 365 237 680 harbor
P0260__1__838___423 0.648 106 156 105 142 143 139 144 153 ship
P0260__1__838___423 0.654 277 893 259 883 264 874 282 884 small-vehicle
P0260__1__838___423 0.655 694 196 692 178 743 173 745 191 ship
P0260__1__838___423 0.659 281 58 279 43 324 39 326 54 ship
P0260__1__838___423 0.664 703 279 701 262 762 252 764 269 ship
P0260__1__838___423 0.670 931 47 922 43 928 24 937 28 small-vehicle
P0260__1__838___423 0.674 900 34 890 30 897 9 907 13 small-vehicle
P0260__1__838___423 0.675 242 360 236 342 301 323 307 341 ship
P0260__1__838___423 0.675 869 107 855 88 864 82 878 101 small-vehicle
P0260__1__838___423 0.683 317 649 230 362 336 330 423 617 harbor
P0260__1__838___423 0.687 378 630 374 616 417 603 421 617 ship
P0260__1__838___423 0.688 132 855 112 841 119 832 139 846 small-vehicle
P0260__1__838___423 0.690 876 38 866 34 873 13 883 17 small-vehicle
P0260__1__838___423 0.690 312 653 307 638 361 622 366 637 ship
P0260__1__838___423 0.694 478 7 477 -8 525 -11 526 4 ship
P0260__1__838___423 0.698 229 902 212 893 216 885 233 894 small-vehicle
P0260__1__838___423 0.698 -3 71 -4 57 35 54 36 68 ship
P0260__1__838___423 0.702 12 170 11 158 43 155 44 167 ship
P0260__1__838___423 0.710 340 74 338 55 391 51 393 70 ship
P0260__1__838___423 0.715 124 236 123 216 191 213 192 233 ship
P0260__1__838___423 0.717 549 113 549 102 582 100 582 111 ship
P0260__1__838___423 0.726 482 76 481 57 533 53 534 72 ship
P0260__1__838___423 0.726 126 463 121 450 163 434 168 447 ship
P0260__1__838___423 0.727 55 391 48 367 124 346 131 370 ship
P0260__1__838___423 0.729 110 193 109 180 145 176 146 189 ship
P0260__1__838___423 0.731 688 228 684 208 743 197 747 217 ship
P0260__1__838___423 0.732 0 91 0 75 41 72 42 88 ship
P0260__1__838___423 0.733 708 304 704 285 759 275 763 294 ship
P0260__1__838___423 0.743 157 166 155 148 206 143 208 161 ship
P0260__1__838___423 0.746 705 330 702 311 766 301 769 320 ship
P0260__1__838___423 0.749 10 209 9 195 45 192 46 206 ship
P0260__1__838___423 0.750 349 92 348 78 384 75 385 89 ship
P0260__1__838___423 0.751 157 116 156 104 194 101 195 113 ship
P0260__1__838___423 0.751 281 527 277 513 316 500 320 514 ship
P0260__1__838___423 0.752 351 113 351 100 388 98 388 111 ship
P0260__1__838___423 0.759 350 183 348 166 393 162 395 179 ship
P0260__1__838___423 0.760 104 117 103 102 141 100 142 115 ship
P0260__1__838___423 0.764 161 140 160 125 200 123 201 138 ship
P0260__1__838___423 0.765 699 127 696 113 736 106 739 120 ship
P0260__1__838___423 0.768 5 131 5 119 40 116 40 128 ship
P0260__1__838___423 0.768 548 90 547 77 593 73 594 86 ship
P0260__1__838___423 0.769 4 149 3 136 41 134 42 147 ship
P0260__1__838___423 0.771 339 47 337 30 384 26 386 43 ship
P0260__1__838___423 0.773 321 628 315 612 354 597 360 613 ship
P0260__1__838___423 0.779 496 138 494 124 531 121 533 135 ship
P0260__1__838___423 0.781 510 594 503 579 545 563 552 578 ship
P0260__1__838___423 0.786 319 456 314 441 356 427 361 442 ship
P0260__1__838___423 0.789 167 208 166 192 208 189 209 205 ship
P0260__1__838___423 0.790 115 426 110 411 150 397 155 412 ship
P0260__1__838___423 0.792 285 103 283 87 328 84 330 100 ship
P0260__1__838___423 0.793 345 219 343 189 392 186 394 216 ship
P0260__1__838___423 0.803 149 52 148 36 192 33 193 49 ship
