P0264__1__0___0 0.351 178 429 139 405 151 386 190 410 small-vehicle
P0264__1__0___0 0.471 157 196 121 173 132 157 168 180 small-vehicle
P0264__1__0___0 0.489 26 476 -5 456 5 437 37 457 small-vehicle
P0264__1__0___0 0.587 68 333 27 307 39 288 80 314 small-vehicle
P0264__1__0___0 0.589 234 336 200 313 213 295 247 318 small-vehicle
P0264__1__0___0 0.602 419 368 408 266 432 263 443 365 large-vehicle
P0264__1__0___0 0.615 173 447 133 421 144 404 184 430 small-vehicle
P0264__1__0___0 0.641 326 382 310 281 335 277 351 378 large-vehicle
P0264__1__0___0 0.652 385 373 370 276 396 272 411 369 large-vehicle
P0264__1__0___0 0.658 490 385 489 284 515 284 516 385 large-vehicle
P0264__1__0___0 0.663 202 390 167 368 179 349 214 371 small-vehicle
P0264__1__0___0 0.667 48 438 14 415 27 397 61 420 small-vehicle
P0264__1__0___0 0.671 82 401 40 373 53 352 95 380 small-vehicle
P0264__1__0___0 0.680 467 369 442 369 446 268 471 268 large-vehicle
P0264__1__0___0 0.686 89 118 48 91 60 71 101 98 small-vehicle
P0264__1__0___0 0.693 290 406 283 305 311 303 318 404 large-vehicle
P0264__1__0___0 0.698 577 432 557 419 612 335 632 348 large-vehicle
P0264__1__0___0 0.701 628 464 608 449 667 367 687 382 large-vehicle
P0264__1__0___0 0.719 323 571 311 549 396 504 408 526 large-vehicle
P0264__1__0___0 0.729 548 417 528 404 585 320 605 333 large-vehicle
P0264__1__0___0 0.767 102 272 66 249 77 231 113 254 small-vehicle
