P0273__1__0___0 0.254 1035 875 996 847 1008 830 1047 858 small-vehicle
P0273__1__0___0 0.274 212 506 200 495 225 467 237 478 small-vehicle
P0273__1__0___0 0.304 493 759 479 746 510 710 524 723 large-vehicle
P0273__1__0___0 0.323 798 166 796 126 815 125 817 165 small-vehicle
P0273__1__0___0 0.371 820 177 818 136 837 136 839 177 small-vehicle
P0273__1__0___0 0.389 647 442 626 440 630 375 651 377 large-vehicle
P0273__1__0___0 0.402 487 402 437 360 452 343 502 385 large-vehicle
P0273__1__0___0 0.427 545 791 531 780 556 748 570 759 small-vehicle
P0273__1__0___0 0.455 820 768 753 712 767 695 834 751 large-vehicle
P0273__1__0___0 0.467 106 944 88 930 111 899 129 913 small-vehicle
P0273__1__0___0 0.479 671 460 648 459 652 409 675 410 large-vehicle
P0273__1__0___0 0.480 614 453 590 453 593 348 617 348 large-vehicle
P0273__1__0___0 0.502 526 375 503 373 509 272 532 274 large-vehicle
P0273__1__0___0 0.530 851 698 814 665 828 649 865 682 large-vehicle
P0273__1__0___0 0.534 949 764 932 749 972 705 989 720 large-vehicle
P0273__1__0___0 0.536 954 890 901 848 917 827 970 869 large-vehicle
P0273__1__0___0 0.546 246 392 231 381 257 349 272 360 small-vehicle
P0273__1__0___0 0.549 493 606 478 594 502 565 517 577 small-vehicle
P0273__1__0___0 0.549 811 589 790 572 820 534 841 551 large-vehicle
P0273__1__0___0 0.551 945 275 920 275 922 230 947 230 small-vehicle
P0273__1__0___0 0.559 72 393 60 382 87 352 99 363 small-vehicle
P0273__1__0___0 0.576 371 382 300 318 314 303 385 367 large-vehicle
P0273__1__0___0 0.596 401 370 331 308 346 291 416 353 large-vehicle
P0273__1__0___0 0.610 224 369 210 358 231 332 245 343 small-vehicle
P0273__1__0___0 0.616 421 349 338 276 354 258 437 331 large-vehicle
P0273__1__0___0 0.622 835 601 816 586 844 550 863 565 large-vehicle
P0273__1__0___0 0.632 500 346 478 345 481 257 503 258 large-vehicle
P0273__1__0___0 0.632 688 490 671 476 713 427 730 441 large-vehicle
P0273__1__0___0 0.633 556 377 532 377 535 298 559 298 large-vehicle
P0273__1__0___0 0.640 658 742 643 730 667 701 682 713 small-vehicle
P0273__1__0___0 0.645 658 629 610 588 625 570 673 611 large-vehicle
P0273__1__0___0 0.647 903 839 825 773 840 754 918 820 large-vehicle
P0273__1__0___0 0.670 583 407 559 406 560 320 584 321 large-vehicle
P0273__1__0___0 0.673 751 613 681 554 696 536 766 595 large-vehicle
P0273__1__0___0 0.680 950 723 934 708 971 666 987 681 large-vehicle
P0273__1__0___0 0.681 889 672 869 656 914 601 934 617 large-vehicle
P0273__1__0___0 0.682 483 481 401 407 416 390 498 464 large-vehicle
P0273__1__0___0 0.685 629 523 562 466 578 448 645 505 large-vehicle
P0273__1__0___0 0.694 595 576 530 520 544 503 609 559 large-vehicle
P0273__1__0___0 0.701 602 699 586 686 609 656 625 669 small-vehicle
P0273__1__0___0 0.702 482 438 418 383 431 367 495 422 large-vehicle
P0273__1__0___0 0.707 710 791 696 779 721 748 735 760 small-vehicle
P0273__1__0___0 0.708 751 711 685 654 700 636 766 693 large-vehicle
P0273__1__0___0 0.712 805 656 771 629 784 613 818 640 small-vehicle
P0273__1__0___0 0.726 637 732 622 720 648 687 663 699 small-vehicle
P0273__1__0___0 0.730 840 647 818 631 853 580 875 596 large-vehicle
P0273__1__0___0 0.742 923 705 903 689 948 636 968 652 large-vehicle
P0273__1__0___0 0.744 773 587 752 570 794 518 815 535 large-vehicle
P0273__1__0___0 0.795 869 647 848 631 886 580 907 596 large-vehicle
P0273__1__441___0 0.303 622 855 594 829 607 816 635 842 small-vehicle
P0273__1__441___0 0.305 357 167 355 126 374 126 376 167 small-vehicle
P0273__1__441___0 0.333 379 177 377 137 396 136 398 176 small-vehicle
P0273__1__441___0 0.336 207 442 186 441 190 373 211 374 large-vehicle
P0273__1__441___0 0.339 833 435 783 416 792 394 842 413 large-vehicle
P0273__1__441___0 0.354 52 759 37 747 69 710 84 722 large-vehicle
P0273__1__441___0 0.377 103 790 90 780 116 749 129 759 small-vehicle
P0273__1__441___0 0.400 580 786 560 771 595 727 615 742 large-vehicle
P0273__1__441___0 0.402 713 756 681 735 692 719 724 740 small-vehicle
P0273__1__441___0 0.420 175 451 151 450 152 348 176 349 large-vehicle
P0273__1__441___0 0.428 230 460 207 458 211 409 234 411 large-vehicle
P0273__1__441___0 0.431 830 409 786 389 795 368 839 388 small-vehicle
P0273__1__441___0 0.437 380 769 312 712 327 694 395 751 large-vehicle
P0273__1__441___0 0.439 637 844 604 812 618 797 651 829 large-vehicle
P0273__1__441___0 0.473 830 619 798 596 809 580 841 603 small-vehicle
P0273__1__441___0 0.478 514 889 459 847 475 826 530 868 large-vehicle
P0273__1__441___0 0.492 46 404 -4 361 11 343 62 386 large-vehicle
P0273__1__441___0 0.494 741 723 709 701 720 686 752 708 small-vehicle
P0273__1__441___0 0.517 42 481 -23 421 -8 404 57 464 large-vehicle
P0273__1__441___0 0.518 411 698 374 665 388 649 425 682 large-vehicle
P0273__1__441___0 0.531 854 574 823 552 833 537 864 559 small-vehicle
P0273__1__441___0 0.537 626 343 595 311 611 296 642 328 small-vehicle
P0273__1__441___0 0.538 86 374 62 373 67 273 91 274 large-vehicle
P0273__1__441___0 0.538 758 712 726 687 737 673 769 698 small-vehicle
P0273__1__441___0 0.554 812 779 793 763 851 696 870 712 large-vehicle
P0273__1__441___0 0.571 504 277 480 276 481 230 505 231 small-vehicle
P0273__1__441___0 0.576 794 855 776 838 825 786 843 803 large-vehicle
P0273__1__441___0 0.584 741 858 724 844 784 775 801 789 large-vehicle
P0273__1__441___0 0.584 844 601 812 579 823 564 855 586 small-vehicle
P0273__1__441___0 0.587 40 438 -22 384 -8 367 54 421 large-vehicle
P0273__1__441___0 0.601 394 602 374 588 401 551 421 565 large-vehicle
P0273__1__441___0 0.601 737 900 721 881 770 841 786 860 large-vehicle
P0273__1__441___0 0.605 52 608 36 595 61 565 77 578 small-vehicle
P0273__1__441___0 0.605 509 722 492 708 530 665 547 679 large-vehicle
P0273__1__441___0 0.607 507 764 491 749 530 705 546 720 large-vehicle
P0273__1__441___0 0.611 462 838 384 772 399 753 477 819 large-vehicle
P0273__1__441___0 0.612 217 629 168 588 184 570 233 611 large-vehicle
P0273__1__441___0 0.616 677 810 641 782 654 765 690 793 small-vehicle
P0273__1__441___0 0.621 766 692 736 667 749 651 779 676 small-vehicle
P0273__1__441___0 0.625 59 347 37 346 40 256 62 257 large-vehicle
P0273__1__441___0 0.626 141 407 117 406 120 318 144 319 large-vehicle
P0273__1__441___0 0.635 370 588 349 571 379 533 400 550 large-vehicle
P0273__1__441___0 0.654 248 490 231 476 273 427 290 441 large-vehicle
P0273__1__441___0 0.655 115 377 91 377 94 298 118 298 large-vehicle
P0273__1__441___0 0.655 333 588 312 571 354 519 375 536 large-vehicle
P0273__1__441___0 0.657 160 699 145 687 169 656 184 668 small-vehicle
P0273__1__441___0 0.658 703 778 671 752 682 737 714 763 small-vehicle
P0273__1__441___0 0.663 310 613 240 554 255 536 325 595 large-vehicle
P0273__1__441___0 0.666 310 709 245 653 259 636 324 692 large-vehicle
P0273__1__441___0 0.690 926 485 889 466 897 450 934 469 small-vehicle
P0273__1__441___0 0.693 217 743 202 731 226 702 241 714 small-vehicle
P0273__1__441___0 0.695 154 576 89 520 103 503 168 559 large-vehicle
P0273__1__441___0 0.697 268 790 253 777 279 747 294 760 small-vehicle
P0273__1__441___0 0.700 603 873 575 848 588 834 616 859 small-vehicle
P0273__1__441___0 0.703 188 523 121 467 137 448 204 504 large-vehicle
P0273__1__441___0 0.709 480 705 462 690 507 636 525 651 large-vehicle
P0273__1__441___0 0.710 196 733 182 720 209 688 223 701 small-vehicle
P0273__1__441___0 0.711 448 671 429 656 475 600 494 615 large-vehicle
P0273__1__441___0 0.712 364 655 330 628 343 612 377 639 small-vehicle
P0273__1__441___0 0.719 730 742 690 717 701 699 741 724 small-vehicle
P0273__1__441___0 0.733 689 792 657 768 668 753 700 777 small-vehicle
P0273__1__441___0 0.744 398 647 377 632 413 580 434 595 large-vehicle
P0273__1__441___0 0.763 651 824 623 793 638 779 666 810 small-vehicle
P0273__1__441___0 0.776 428 647 408 632 447 580 467 595 large-vehicle
