P0270__1__0___0 0.404 454 1037 437 1036 439 1002 456 1003 small-vehicle
P0270__1__0___0 0.431 227 64 220 24 238 21 245 61 small-vehicle
P0270__1__0___0 0.444 372 1040 354 1040 355 1003 373 1003 small-vehicle
P0270__1__0___0 0.448 325 401 283 401 284 384 326 384 small-vehicle
P0270__1__0___0 0.454 663 577 630 560 640 542 673 559 small-vehicle
P0270__1__0___0 0.463 511 1041 492 1040 494 1002 513 1003 small-vehicle
P0270__1__0___0 0.478 540 1046 519 1044 523 997 544 999 small-vehicle
P0270__1__0___0 0.500 540 303 521 302 523 258 542 259 small-vehicle
P0270__1__0___0 0.502 686 368 612 365 613 345 687 348 large-vehicle
P0270__1__0___0 0.509 127 338 125 321 170 317 172 334 small-vehicle
P0270__1__0___0 0.522 347 857 260 856 260 836 347 837 large-vehicle
P0270__1__0___0 0.524 898 909 848 908 849 888 899 889 large-vehicle
P0270__1__0___0 0.533 255 448 238 448 238 407 255 407 small-vehicle
P0270__1__0___0 0.539 323 380 283 380 284 361 324 361 small-vehicle
P0270__1__0___0 0.547 460 539 440 537 443 488 463 490 small-vehicle
P0270__1__0___0 0.549 187 735 171 734 174 696 190 697 small-vehicle
P0270__1__0___0 0.561 427 1042 408 1041 410 1001 429 1002 small-vehicle
P0270__1__0___0 0.565 198 235 192 155 213 154 219 234 large-vehicle
P0270__1__0___0 0.572 242 765 224 764 225 720 243 721 small-vehicle
P0270__1__0___0 0.583 237 856 221 854 224 817 240 819 small-vehicle
P0270__1__0___0 0.583 101 684 100 664 148 663 149 683 small-vehicle
P0270__1__0___0 0.590 790 257 771 257 771 214 790 214 small-vehicle
P0270__1__0___0 0.614 253 390 235 388 238 343 256 345 small-vehicle
P0270__1__0___0 0.614 812 249 794 249 795 206 813 206 small-vehicle
P0270__1__0___0 0.615 613 410 612 391 674 389 675 408 large-vehicle
P0270__1__0___0 0.617 699 328 681 320 700 279 718 287 small-vehicle
P0270__1__0___0 0.618 97 364 92 323 110 321 115 362 small-vehicle
P0270__1__0___0 0.620 348 342 345 298 367 297 370 341 small-vehicle
P0270__1__0___0 0.624 483 391 475 371 536 348 544 368 large-vehicle
P0270__1__0___0 0.625 398 1039 381 1039 381 1000 398 1000 small-vehicle
P0270__1__0___0 0.629 484 1043 465 1043 467 998 486 998 small-vehicle
P0270__1__0___0 0.632 282 360 281 342 321 339 322 357 small-vehicle
P0270__1__0___0 0.639 251 508 233 506 236 463 254 465 small-vehicle
P0270__1__0___0 0.642 360 508 274 504 275 485 361 489 large-vehicle
P0270__1__0___0 0.646 532 877 458 873 459 854 533 858 large-vehicle
P0270__1__0___0 0.647 257 288 238 288 240 241 259 241 small-vehicle
P0270__1__0___0 0.652 114 412 97 412 99 367 116 367 small-vehicle
P0270__1__0___0 0.656 246 562 229 560 233 521 250 523 small-vehicle
P0270__1__0___0 0.660 611 470 610 450 694 445 695 465 large-vehicle
P0270__1__0___0 0.661 555 475 481 470 482 450 556 455 large-vehicle
P0270__1__0___0 0.665 106 662 105 644 147 641 148 659 small-vehicle
P0270__1__0___0 0.667 146 568 106 565 107 547 147 550 small-vehicle
P0270__1__0___0 0.672 229 114 226 70 244 69 247 113 small-vehicle
P0270__1__0___0 0.677 554 500 482 496 483 477 555 481 large-vehicle
P0270__1__0___0 0.682 536 740 461 734 463 715 538 721 large-vehicle
P0270__1__0___0 0.682 551 552 476 550 476 531 551 533 large-vehicle
P0270__1__0___0 0.685 802 730 793 713 867 675 876 692 large-vehicle
P0270__1__0___0 0.686 354 671 267 664 269 644 356 651 large-vehicle
P0270__1__0___0 0.687 354 615 266 610 267 590 355 595 large-vehicle
P0270__1__0___0 0.688 550 579 475 577 475 558 550 560 large-vehicle
P0270__1__0___0 0.688 656 634 578 595 587 577 665 616 large-vehicle
P0270__1__0___0 0.691 807 347 795 327 864 286 876 306 large-vehicle
P0270__1__0___0 0.693 212 930 161 862 179 849 230 917 large-vehicle
P0270__1__0___0 0.693 345 886 258 882 260 861 347 865 large-vehicle
P0270__1__0___0 0.693 739 249 719 248 720 202 740 203 small-vehicle
P0270__1__0___0 0.694 917 909 907 890 982 850 992 869 large-vehicle
P0270__1__0___0 0.695 351 778 264 774 264 753 351 757 large-vehicle
P0270__1__0___0 0.695 544 658 469 657 469 637 544 638 large-vehicle
P0270__1__0___0 0.696 807 433 797 415 870 378 880 396 large-vehicle
P0270__1__0___0 0.697 527 849 453 844 454 824 528 829 large-vehicle
P0270__1__0___0 0.698 929 428 920 409 996 373 1005 392 large-vehicle
P0270__1__0___0 0.699 356 643 268 638 269 618 357 623 large-vehicle
P0270__1__0___0 0.699 364 482 278 477 279 457 365 462 large-vehicle
P0270__1__0___0 0.700 359 430 271 427 272 407 360 410 large-vehicle
P0270__1__0___0 0.702 236 166 231 125 249 123 254 164 small-vehicle
P0270__1__0___0 0.702 362 534 276 530 277 511 363 515 large-vehicle
P0270__1__0___0 0.702 246 614 228 613 231 573 249 574 small-vehicle
P0270__1__0___0 0.703 343 804 256 801 256 781 343 784 large-vehicle
P0270__1__0___0 0.705 104 589 104 571 143 570 143 588 small-vehicle
P0270__1__0___0 0.705 552 525 479 523 479 504 552 506 large-vehicle
P0270__1__0___0 0.706 639 910 556 878 564 859 647 891 large-vehicle
P0270__1__0___0 0.707 803 527 792 508 868 468 879 487 large-vehicle
P0270__1__0___0 0.708 799 377 789 359 864 320 874 338 large-vehicle
P0270__1__0___0 0.708 909 677 899 659 976 620 986 638 large-vehicle
P0270__1__0___0 0.710 906 942 823 938 823 917 906 921 large-vehicle
P0270__1__0___0 0.711 823 455 814 437 886 398 895 416 large-vehicle
P0270__1__0___0 0.711 664 608 586 571 595 553 673 590 large-vehicle
P0270__1__0___0 0.715 806 582 797 563 873 525 882 544 large-vehicle
P0270__1__0___0 0.715 349 833 263 828 264 808 350 813 large-vehicle
P0270__1__0___0 0.716 905 707 897 687 976 652 984 672 large-vehicle
P0270__1__0___0 0.717 913 646 904 627 982 589 991 608 large-vehicle
P0270__1__0___0 0.717 650 739 571 706 579 686 658 719 large-vehicle
P0270__1__0___0 0.723 802 407 792 387 865 348 875 368 large-vehicle
P0270__1__0___0 0.724 923 548 915 530 994 495 1002 513 large-vehicle
P0270__1__0___0 0.724 645 687 567 648 576 628 654 667 large-vehicle
P0270__1__0___0 0.724 277 561 276 541 362 538 363 558 large-vehicle
P0270__1__0___0 0.724 647 657 569 621 578 602 656 638 large-vehicle
P0270__1__0___0 0.724 797 703 787 685 864 646 874 664 large-vehicle
P0270__1__0___0 0.724 781 914 773 896 850 863 858 881 large-vehicle
P0270__1__0___0 0.724 918 611 909 592 987 556 996 575 large-vehicle
P0270__1__0___0 0.725 907 736 898 717 976 679 985 698 large-vehicle
P0270__1__0___0 0.727 787 885 779 866 856 830 864 849 large-vehicle
P0270__1__0___0 0.727 799 497 789 477 864 438 874 458 large-vehicle
P0270__1__0___0 0.727 906 351 898 332 975 296 983 315 large-vehicle
P0270__1__0___0 0.728 922 520 913 502 991 465 1000 483 large-vehicle
P0270__1__0___0 0.729 798 618 788 598 865 559 875 579 large-vehicle
P0270__1__0___0 0.729 908 885 899 866 977 826 986 845 large-vehicle
P0270__1__0___0 0.729 244 228 242 189 259 187 261 226 small-vehicle
P0270__1__0___0 0.729 114 429 113 410 157 406 158 425 small-vehicle
P0270__1__0___0 0.730 544 715 468 710 469 690 545 695 large-vehicle
P0270__1__0___0 0.731 635 876 556 843 564 823 643 856 large-vehicle
P0270__1__0___0 0.733 907 856 897 838 974 799 984 817 large-vehicle
P0270__1__0___0 0.733 639 851 559 815 568 794 648 830 large-vehicle
P0270__1__0___0 0.733 794 794 784 775 859 735 869 754 large-vehicle
P0270__1__0___0 0.736 798 673 788 654 863 614 873 633 large-vehicle
P0270__1__0___0 0.738 927 403 917 384 992 344 1002 363 large-vehicle
P0270__1__0___0 0.739 109 639 108 621 146 620 147 638 small-vehicle
P0270__1__0___0 0.741 925 577 916 558 996 522 1005 541 large-vehicle
P0270__1__0___0 0.745 789 826 780 807 856 769 865 788 large-vehicle
P0270__1__0___0 0.747 904 798 894 778 971 739 981 759 large-vehicle
P0270__1__0___0 0.749 917 491 908 472 988 436 997 455 large-vehicle
P0270__1__0___0 0.755 121 373 120 355 162 352 163 370 small-vehicle
P0270__1__0___0 0.758 148 534 108 531 109 513 149 516 small-vehicle
P0270__1__0___0 0.761 146 510 109 506 111 489 148 493 small-vehicle
P0270__1__0___0 0.775 158 487 116 486 117 468 159 469 small-vehicle
P0270__1__0___0 0.777 156 461 114 460 115 442 157 443 small-vehicle
P0270__1__0___0 0.779 119 397 118 381 156 378 157 394 small-vehicle
P0270__1__0___0 0.788 143 615 101 615 102 596 144 596 small-vehicle
P0270__1__0___203 0.267 239 850 233 833 272 821 278 838 small-vehicle
P0270__1__0___203 0.282 701 847 625 844 626 824 702 827 large-vehicle
P0270__1__0___203 0.285 918 1015 898 1013 903 954 923 956 large-vehicle
P0270__1__0___203 0.309 741 1011 721 1010 724 950 744 951 large-vehicle
P0270__1__0___203 0.311 769 1012 749 1011 754 951 774 952 large-vehicle
P0270__1__0___203 0.313 325 199 283 199 284 180 326 180 small-vehicle
P0270__1__0___203 0.339 715 1012 694 1010 698 951 719 953 large-vehicle
P0270__1__0___203 0.381 525 1008 507 1006 510 985 528 987 small-vehicle
P0270__1__0___203 0.390 441 1005 425 1003 428 978 444 980 small-vehicle
P0270__1__0___203 0.399 687 1008 667 1007 670 947 690 948 large-vehicle
P0270__1__0___203 0.414 687 165 612 162 612 142 687 145 large-vehicle
P0270__1__0___203 0.433 891 1013 871 1012 874 948 894 949 large-vehicle
P0270__1__0___203 0.440 856 1012 836 1011 839 951 859 952 large-vehicle
P0270__1__0___203 0.440 663 373 630 356 640 338 673 355 small-vehicle
P0270__1__0___203 0.442 389 1003 372 1002 374 980 391 981 small-vehicle
P0270__1__0___203 0.442 540 100 522 100 523 57 541 57 small-vehicle
P0270__1__0___203 0.443 106 457 105 440 147 438 148 455 small-vehicle
P0270__1__0___203 0.463 556 1008 539 1006 541 985 558 987 small-vehicle
P0270__1__0___203 0.467 126 136 124 119 169 113 171 130 small-vehicle
P0270__1__0___203 0.481 898 707 848 706 849 686 899 687 large-vehicle
P0270__1__0___203 0.506 245 25 242 -14 260 -15 263 24 small-vehicle
P0270__1__0___203 0.520 255 246 238 245 238 205 255 206 small-vehicle
P0270__1__0___203 0.524 186 533 171 531 175 494 190 496 small-vehicle
P0270__1__0___203 0.527 246 927 237 910 273 892 282 909 small-vehicle
P0270__1__0___203 0.527 344 684 259 680 261 659 346 663 large-vehicle
P0270__1__0___203 0.528 797 1013 776 1011 780 950 801 952 large-vehicle
P0270__1__0___203 0.539 460 336 440 334 443 285 463 287 small-vehicle
P0270__1__0___203 0.546 535 887 519 886 522 844 538 845 small-vehicle
P0270__1__0___203 0.546 362 332 276 328 277 309 363 313 large-vehicle
P0270__1__0___203 0.547 788 54 770 53 771 11 789 12 small-vehicle
P0270__1__0___203 0.553 236 996 196 985 201 967 241 978 small-vehicle
P0270__1__0___203 0.556 358 1004 341 1003 343 973 360 974 small-vehicle
P0270__1__0___203 0.562 237 652 221 651 222 615 238 616 small-vehicle
P0270__1__0___203 0.565 253 185 235 184 238 140 256 141 small-vehicle
P0270__1__0___203 0.570 455 846 437 845 440 803 458 804 small-vehicle
P0270__1__0___203 0.584 812 45 794 44 795 2 813 3 small-vehicle
P0270__1__0___203 0.588 699 125 681 117 700 76 718 84 small-vehicle
P0270__1__0___203 0.594 322 177 283 177 283 158 322 158 small-vehicle
P0270__1__0___203 0.613 359 974 341 973 344 933 362 934 small-vehicle
P0270__1__0___203 0.616 548 376 474 374 475 355 549 357 large-vehicle
P0270__1__0___203 0.620 239 902 233 885 272 871 278 888 small-vehicle
P0270__1__0___203 0.621 611 266 610 246 694 241 695 261 large-vehicle
P0270__1__0___203 0.624 102 481 101 461 149 460 150 480 small-vehicle
P0270__1__0___203 0.627 424 887 406 886 409 846 427 847 small-vehicle
P0270__1__0___203 0.628 246 413 228 411 231 368 249 370 small-vehicle
P0270__1__0___203 0.633 251 305 233 304 236 260 254 261 small-vehicle
P0270__1__0___203 0.636 529 981 512 980 514 938 531 939 small-vehicle
P0270__1__0___203 0.637 509 847 492 845 494 804 511 806 small-vehicle
P0270__1__0___203 0.638 476 983 456 982 459 940 479 941 small-vehicle
P0270__1__0___203 0.640 503 980 484 979 486 935 505 936 small-vehicle
P0270__1__0___203 0.642 242 561 224 561 225 518 243 518 small-vehicle
P0270__1__0___203 0.646 613 207 613 187 674 184 674 204 large-vehicle
P0270__1__0___203 0.646 738 44 720 44 721 1 739 1 small-vehicle
P0270__1__0___203 0.646 121 170 120 152 162 149 163 167 small-vehicle
P0270__1__0___203 0.658 799 415 789 396 864 356 874 375 large-vehicle
P0270__1__0___203 0.658 540 840 521 838 525 795 544 797 small-vehicle
P0270__1__0___203 0.659 802 203 792 185 867 146 877 164 large-vehicle
P0270__1__0___203 0.660 143 386 104 386 104 369 143 369 small-vehicle
P0270__1__0___203 0.661 420 979 401 978 403 936 422 937 small-vehicle
P0270__1__0___203 0.662 483 187 475 167 536 144 544 164 large-vehicle
P0270__1__0___203 0.662 923 345 915 327 994 292 1002 310 large-vehicle
P0270__1__0___203 0.663 146 307 109 303 111 286 148 290 small-vehicle
P0270__1__0___203 0.666 145 365 107 363 108 346 146 348 small-vehicle
P0270__1__0___203 0.666 367 888 347 887 350 841 370 842 small-vehicle
P0270__1__0___203 0.667 348 139 346 97 367 96 369 138 small-vehicle
P0270__1__0___203 0.667 484 841 466 840 467 796 485 797 small-vehicle
P0270__1__0___203 0.669 664 405 587 369 595 350 672 386 large-vehicle
P0270__1__0___203 0.673 282 156 281 138 321 137 322 155 small-vehicle
P0270__1__0___203 0.674 114 227 112 208 157 204 159 223 small-vehicle
P0270__1__0___203 0.674 148 331 108 328 109 310 149 313 small-vehicle
P0270__1__0___203 0.675 655 430 577 391 586 373 664 412 large-vehicle
P0270__1__0___203 0.676 156 258 114 256 115 239 157 241 small-vehicle
P0270__1__0___203 0.679 528 646 452 641 453 621 529 626 large-vehicle
P0270__1__0___203 0.682 398 834 382 833 383 797 399 798 small-vehicle
P0270__1__0___203 0.682 532 676 458 671 459 651 533 656 large-vehicle
P0270__1__0___203 0.685 554 273 481 266 483 246 556 253 large-vehicle
P0270__1__0___203 0.687 918 705 908 686 983 646 993 665 large-vehicle
P0270__1__0___203 0.688 98 160 93 119 111 117 116 158 small-vehicle
P0270__1__0___203 0.688 908 474 899 455 977 417 986 436 large-vehicle
P0270__1__0___203 0.688 246 360 229 359 233 319 250 320 small-vehicle
P0270__1__0___203 0.689 350 630 264 625 265 605 351 610 large-vehicle
P0270__1__0___203 0.690 638 707 557 676 565 656 646 687 large-vehicle
P0270__1__0___203 0.690 115 208 98 207 100 163 117 164 small-vehicle
P0270__1__0___203 0.690 536 536 461 530 463 511 538 517 large-vehicle
P0270__1__0___203 0.690 258 85 238 84 239 36 259 37 small-vehicle
P0270__1__0___203 0.692 781 711 773 693 850 660 858 678 large-vehicle
P0270__1__0___203 0.693 359 227 272 224 272 204 359 207 large-vehicle
P0270__1__0___203 0.693 553 298 480 292 482 273 555 279 large-vehicle
P0270__1__0___203 0.693 552 322 479 319 479 301 552 304 large-vehicle
P0270__1__0___203 0.694 360 305 274 301 275 282 361 286 large-vehicle
P0270__1__0___203 0.696 277 358 276 338 362 335 363 355 large-vehicle
P0270__1__0___203 0.696 212 727 161 660 179 646 230 713 large-vehicle
P0270__1__0___203 0.697 343 601 255 598 256 578 344 581 large-vehicle
P0270__1__0___203 0.698 355 440 269 435 270 415 356 420 large-vehicle
P0270__1__0___203 0.701 354 412 266 407 267 387 355 392 large-vehicle
P0270__1__0___203 0.701 364 279 278 274 279 254 365 259 large-vehicle
P0270__1__0___203 0.702 370 839 353 838 355 802 372 803 small-vehicle
P0270__1__0___203 0.704 119 194 118 178 156 175 157 191 small-vehicle
P0270__1__0___203 0.705 913 443 904 424 982 386 991 405 large-vehicle
P0270__1__0___203 0.705 799 174 789 155 864 117 874 136 large-vehicle
P0270__1__0___203 0.708 808 230 798 212 871 175 881 193 large-vehicle
P0270__1__0___203 0.709 452 888 434 887 437 847 455 848 small-vehicle
P0270__1__0___203 0.710 355 467 267 461 268 440 356 446 large-vehicle
P0270__1__0___203 0.712 551 349 478 347 478 328 551 330 large-vehicle
P0270__1__0___203 0.712 448 982 428 981 431 937 451 938 small-vehicle
P0270__1__0___203 0.713 921 317 912 298 990 262 999 281 large-vehicle
P0270__1__0___203 0.713 427 843 410 842 410 800 427 801 small-vehicle
P0270__1__0___203 0.715 904 505 896 485 975 450 983 470 large-vehicle
P0270__1__0___203 0.716 822 252 813 234 885 195 894 213 large-vehicle
P0270__1__0___203 0.716 908 652 899 634 975 595 984 613 large-vehicle
P0270__1__0___203 0.716 545 455 470 454 470 434 545 435 large-vehicle
P0270__1__0___203 0.717 909 682 900 663 978 623 987 642 large-vehicle
P0270__1__0___203 0.720 907 533 898 514 976 476 985 495 large-vehicle
P0270__1__0___203 0.720 800 294 789 274 863 235 874 255 large-vehicle
P0270__1__0___203 0.721 806 144 794 124 865 83 877 103 large-vehicle
P0270__1__0___203 0.721 795 591 785 572 860 532 870 551 large-vehicle
P0270__1__0___203 0.721 803 323 793 304 868 266 878 285 large-vehicle
P0270__1__0___203 0.725 929 225 920 206 996 170 1005 189 large-vehicle
P0270__1__0___203 0.727 908 148 898 128 975 91 985 111 large-vehicle
P0270__1__0___203 0.728 801 529 792 510 868 472 877 491 large-vehicle
P0270__1__0___203 0.728 927 199 918 180 994 140 1003 159 large-vehicle
P0270__1__0___203 0.729 544 510 468 506 469 487 545 491 large-vehicle
P0270__1__0___203 0.729 797 469 788 450 864 412 873 431 large-vehicle
P0270__1__0___203 0.729 637 648 558 611 568 591 647 628 large-vehicle
P0270__1__0___203 0.729 925 374 916 355 996 319 1005 338 large-vehicle
P0270__1__0___203 0.729 351 574 264 573 264 553 351 554 large-vehicle
P0270__1__0___203 0.730 347 656 260 654 260 633 347 635 large-vehicle
P0270__1__0___203 0.730 906 739 822 735 823 716 907 720 large-vehicle
P0270__1__0___203 0.731 647 453 568 417 576 398 655 434 large-vehicle
P0270__1__0___203 0.732 806 379 797 360 873 322 882 341 large-vehicle
P0270__1__0___203 0.732 635 672 556 639 564 619 643 652 large-vehicle
P0270__1__0___203 0.736 797 500 788 481 864 443 873 462 large-vehicle
P0270__1__0___203 0.736 916 289 908 270 987 234 995 253 large-vehicle
P0270__1__0___203 0.741 789 622 779 604 856 565 866 583 large-vehicle
P0270__1__0___203 0.746 904 595 894 575 971 536 981 556 large-vehicle
P0270__1__0___203 0.746 786 681 778 662 855 628 863 647 large-vehicle
P0270__1__0___203 0.747 649 537 569 503 578 482 658 516 large-vehicle
P0270__1__0___203 0.750 917 409 909 390 986 354 994 373 large-vehicle
P0270__1__0___203 0.753 644 483 567 446 577 426 654 463 large-vehicle
P0270__1__0___203 0.759 507 888 489 887 492 847 510 848 small-vehicle
P0270__1__0___203 0.760 397 890 377 888 380 845 400 847 small-vehicle
P0270__1__0___203 0.764 390 982 371 981 373 941 392 942 small-vehicle
P0270__1__0___203 0.778 158 284 117 283 117 265 158 266 small-vehicle
P0270__1__0___203 0.784 242 876 236 857 275 843 281 862 small-vehicle
P0270__1__0___203 0.786 143 411 101 410 102 392 144 393 small-vehicle
P0270__1__0___203 0.796 109 437 108 419 146 418 147 436 small-vehicle
P0270__1__405___0 0.360 55 539 35 537 38 488 58 490 small-vehicle
P0270__1__405___0 0.412 50 1038 32 1037 35 1001 53 1002 small-vehicle
P0270__1__405___0 0.429 258 578 224 560 233 541 267 559 small-vehicle
P0270__1__405___0 0.478 135 1046 114 1045 118 997 139 998 small-vehicle
P0270__1__405___0 0.488 105 1041 87 1040 90 1002 108 1003 small-vehicle
P0270__1__405___0 0.500 493 909 443 908 444 888 494 889 large-vehicle
P0270__1__405___0 0.534 282 368 208 365 209 345 283 348 large-vehicle
P0270__1__405___0 0.564 22 1042 4 1042 5 1001 23 1001 small-vehicle
P0270__1__405___0 0.569 134 302 115 302 117 259 136 259 small-vehicle
P0270__1__405___0 0.580 293 328 276 320 296 279 313 287 small-vehicle
P0270__1__405___0 0.600 208 410 208 391 267 389 267 408 large-vehicle
P0270__1__405___0 0.622 398 527 388 508 463 468 473 487 large-vehicle
P0270__1__405___0 0.624 80 1043 60 1042 61 996 81 997 small-vehicle
P0270__1__405___0 0.629 149 475 75 469 76 450 150 456 large-vehicle
P0270__1__405___0 0.635 408 249 389 249 391 206 410 206 small-vehicle
P0270__1__405___0 0.639 512 909 503 890 579 850 588 869 large-vehicle
P0270__1__405___0 0.660 127 878 53 873 54 853 128 858 large-vehicle
P0270__1__405___0 0.667 396 731 387 712 463 674 472 693 large-vehicle
P0270__1__405___0 0.668 145 553 71 549 72 530 146 534 large-vehicle
P0270__1__405___0 0.671 206 470 205 450 289 445 290 465 large-vehicle
P0270__1__405___0 0.672 385 257 365 257 366 214 386 214 small-vehicle
P0270__1__405___0 0.674 402 349 390 329 461 286 473 306 large-vehicle
P0270__1__405___0 0.674 78 391 70 371 131 346 139 366 large-vehicle
P0270__1__405___0 0.679 144 580 71 578 71 559 144 561 large-vehicle
P0270__1__405___0 0.683 139 658 66 657 66 637 139 638 large-vehicle
P0270__1__405___0 0.685 149 500 77 496 78 477 150 481 large-vehicle
P0270__1__405___0 0.695 790 745 711 710 719 692 798 727 large-vehicle
P0270__1__405___0 0.696 132 740 56 734 57 715 133 721 large-vehicle
P0270__1__405___0 0.697 523 428 514 410 590 373 599 391 large-vehicle
P0270__1__405___0 0.703 242 657 163 621 171 602 250 638 large-vehicle
P0270__1__405___0 0.705 240 687 161 648 171 628 250 667 large-vehicle
P0270__1__405___0 0.707 401 433 391 415 464 378 474 396 large-vehicle
P0270__1__405___0 0.708 513 611 505 592 582 556 590 575 large-vehicle
P0270__1__405___0 0.708 814 295 737 264 745 244 822 275 large-vehicle
P0270__1__405___0 0.708 395 377 386 357 460 320 469 340 large-vehicle
P0270__1__405___0 0.708 799 319 722 286 730 268 807 301 large-vehicle
P0270__1__405___0 0.709 502 942 416 938 417 917 503 921 large-vehicle
P0270__1__405___0 0.709 511 492 503 472 582 437 590 457 large-vehicle
P0270__1__405___0 0.710 779 834 702 799 710 781 787 816 large-vehicle
P0270__1__405___0 0.710 780 650 701 615 709 597 788 632 large-vehicle
P0270__1__405___0 0.710 260 609 180 571 189 552 269 590 large-vehicle
P0270__1__405___0 0.712 334 249 314 248 315 202 335 203 small-vehicle
P0270__1__405___0 0.712 250 634 173 596 183 577 260 615 large-vehicle
P0270__1__405___0 0.712 778 678 700 644 709 625 787 659 large-vehicle
P0270__1__405___0 0.712 402 582 392 563 467 525 477 544 large-vehicle
P0270__1__405___0 0.713 384 826 375 808 451 769 460 787 large-vehicle
P0270__1__405___0 0.713 138 713 64 709 65 690 139 694 large-vehicle
P0270__1__405___0 0.713 146 526 72 522 73 503 147 507 large-vehicle
P0270__1__405___0 0.713 122 849 46 843 47 822 123 828 large-vehicle
P0270__1__405___0 0.715 235 910 153 878 160 859 242 891 large-vehicle
P0270__1__405___0 0.715 500 707 492 687 571 652 579 672 large-vehicle
P0270__1__405___0 0.716 789 595 710 560 718 542 797 577 large-vehicle
P0270__1__405___0 0.718 419 455 410 437 480 398 489 416 large-vehicle
P0270__1__405___0 0.718 815 388 738 356 746 337 823 369 large-vehicle
P0270__1__405___0 0.719 502 352 493 332 571 295 580 315 large-vehicle
P0270__1__405___0 0.719 507 645 498 626 576 588 585 607 large-vehicle
P0270__1__405___0 0.721 396 496 386 477 461 437 471 456 large-vehicle
P0270__1__405___0 0.721 230 876 151 843 159 823 238 856 large-vehicle
P0270__1__405___0 0.722 380 885 372 866 451 830 459 849 large-vehicle
P0270__1__405___0 0.722 780 806 703 770 711 751 788 787 large-vehicle
P0270__1__405___0 0.722 518 548 510 530 589 495 597 513 large-vehicle
P0270__1__405___0 0.722 504 675 495 657 571 620 580 638 large-vehicle
P0270__1__405___0 0.723 812 418 735 384 743 365 820 399 large-vehicle
P0270__1__405___0 0.727 395 617 384 597 458 558 469 578 large-vehicle
P0270__1__405___0 0.728 245 740 165 706 174 685 254 719 large-vehicle
P0270__1__405___0 0.728 796 504 716 472 723 453 803 485 large-vehicle
P0270__1__405___0 0.729 397 407 386 387 460 348 471 368 large-vehicle
P0270__1__405___0 0.729 502 735 494 716 571 680 579 699 large-vehicle
P0270__1__405___0 0.729 794 717 716 682 725 662 803 697 large-vehicle
P0270__1__405___0 0.729 503 885 494 866 572 826 581 845 large-vehicle
P0270__1__405___0 0.730 393 703 383 685 460 646 470 664 large-vehicle
P0270__1__405___0 0.731 523 402 513 384 588 345 598 363 large-vehicle
P0270__1__405___0 0.732 787 531 708 498 716 480 795 513 large-vehicle
P0270__1__405___0 0.733 784 622 705 588 713 569 792 603 large-vehicle
P0270__1__405___0 0.736 233 851 153 815 162 794 242 830 large-vehicle
P0270__1__405___0 0.738 770 863 693 827 701 808 778 844 large-vehicle
P0270__1__405___0 0.738 377 914 369 896 446 863 454 881 large-vehicle
P0270__1__405___0 0.739 389 793 380 775 454 736 463 754 large-vehicle
P0270__1__405___0 0.741 797 474 717 445 724 425 804 454 large-vehicle
P0270__1__405___0 0.742 498 799 488 779 565 740 575 760 large-vehicle
P0270__1__405___0 0.743 518 520 509 501 585 465 594 484 large-vehicle
P0270__1__405___0 0.744 394 674 383 655 459 615 470 634 large-vehicle
P0270__1__405___0 0.744 520 577 511 558 591 522 600 541 large-vehicle
P0270__1__405___0 0.745 802 448 726 411 735 393 811 430 large-vehicle
P0270__1__405___0 0.747 501 857 492 838 570 798 579 817 large-vehicle
P0270__1__405___0 0.748 752 918 676 879 685 861 761 900 large-vehicle
P0270__1__405___0 0.749 768 896 691 857 701 839 778 878 large-vehicle
P0270__1__405___203 0.315 37 1005 20 1003 22 978 39 980 small-vehicle
P0270__1__405___203 0.316 336 1011 315 1009 319 948 340 950 large-vehicle
P0270__1__405___203 0.318 309 1011 289 1010 294 950 314 951 large-vehicle
P0270__1__405___203 0.338 55 337 34 335 38 286 59 288 small-vehicle
P0270__1__405___203 0.365 121 1007 103 1005 106 984 124 986 small-vehicle
P0270__1__405___203 0.366 364 1012 344 1011 349 951 369 952 large-vehicle
P0270__1__405___203 0.378 281 1009 261 1007 266 946 286 948 large-vehicle
P0270__1__405___203 0.405 514 1014 494 1013 499 955 519 956 large-vehicle
P0270__1__405___203 0.430 258 374 225 358 235 339 268 355 small-vehicle
P0270__1__405___203 0.433 391 1013 371 1011 376 950 396 952 large-vehicle
P0270__1__405___203 0.436 451 1014 431 1013 434 951 454 952 large-vehicle
P0270__1__405___203 0.448 493 706 443 705 444 685 494 686 large-vehicle
P0270__1__405___203 0.452 283 164 208 162 208 143 283 145 large-vehicle
P0270__1__405___203 0.455 151 1007 134 1006 136 986 153 987 small-vehicle
P0270__1__405___203 0.456 486 1013 466 1012 469 948 489 949 large-vehicle
P0270__1__405___203 0.510 135 99 116 99 116 56 135 56 small-vehicle
P0270__1__405___203 0.545 71 983 51 982 54 940 74 941 small-vehicle
P0270__1__405___203 0.546 129 887 113 885 116 844 132 846 small-vehicle
P0270__1__405___203 0.549 752 716 676 677 685 659 761 698 large-vehicle
P0270__1__405___203 0.556 50 844 32 843 35 803 53 804 small-vehicle
P0270__1__405___203 0.557 408 45 390 44 391 2 409 3 small-vehicle
P0270__1__405___203 0.576 385 53 366 53 366 12 385 12 small-vehicle
P0270__1__405___203 0.592 14 978 -4 977 -2 935 16 936 small-vehicle
P0270__1__405___203 0.602 294 126 276 117 295 77 313 86 small-vehicle
P0270__1__405___203 0.606 788 329 709 295 717 276 796 310 large-vehicle
P0270__1__405___203 0.622 613 1024 595 1017 622 947 640 954 large-vehicle
P0270__1__405___203 0.623 135 839 117 838 120 796 138 797 small-vehicle
P0270__1__405___203 0.628 421 251 411 234 480 196 490 213 large-vehicle
P0270__1__405___203 0.635 104 846 87 845 89 805 106 806 small-vehicle
P0270__1__405___203 0.644 127 676 53 671 54 651 128 656 large-vehicle
P0270__1__405___203 0.647 77 187 70 167 132 144 139 164 large-vehicle
P0270__1__405___203 0.653 98 980 79 979 81 935 100 936 small-vehicle
P0270__1__405___203 0.654 381 682 372 664 450 627 459 645 large-vehicle
P0270__1__405___203 0.657 123 980 106 979 108 937 125 938 small-vehicle
P0270__1__405___203 0.658 145 377 69 375 70 356 146 358 large-vehicle
P0270__1__405___203 0.667 78 840 60 839 63 795 81 796 small-vehicle
P0270__1__405___203 0.667 206 267 205 247 289 242 290 262 large-vehicle
P0270__1__405___203 0.667 47 888 29 887 32 847 50 848 small-vehicle
P0270__1__405___203 0.672 150 297 76 293 77 274 151 278 large-vehicle
P0270__1__405___203 0.673 397 204 386 184 460 145 471 165 large-vehicle
P0270__1__405___203 0.677 121 645 46 640 48 620 123 625 large-vehicle
P0270__1__405___203 0.677 208 207 208 188 267 186 267 205 large-vehicle
P0270__1__405___203 0.678 20 888 1 886 3 845 22 847 small-vehicle
P0270__1__405___203 0.683 401 379 391 360 466 322 476 341 large-vehicle
P0270__1__405___203 0.693 134 536 56 530 57 511 135 517 large-vehicle
P0270__1__405___203 0.695 333 44 314 44 316 1 335 1 small-vehicle
P0270__1__405___203 0.697 401 231 391 212 466 174 476 193 large-vehicle
P0270__1__405___203 0.697 232 707 153 676 161 656 240 687 large-vehicle
P0270__1__405___203 0.699 816 185 738 153 745 134 823 166 large-vehicle
P0270__1__405___203 0.699 401 145 389 124 460 82 472 103 large-vehicle
P0270__1__405___203 0.701 501 739 417 735 418 716 502 720 large-vehicle
P0270__1__405___203 0.701 149 272 74 266 76 247 151 253 large-vehicle
P0270__1__405___203 0.704 779 476 700 442 708 423 787 457 large-vehicle
P0270__1__405___203 0.705 245 536 166 503 174 483 253 516 large-vehicle
P0270__1__405___203 0.706 147 322 72 319 72 301 147 304 large-vehicle
P0270__1__405___203 0.708 795 514 718 478 726 459 803 495 large-vehicle
P0270__1__405___203 0.708 396 175 385 155 459 116 470 136 large-vehicle
P0270__1__405___203 0.708 44 982 24 981 25 937 45 938 small-vehicle
P0270__1__405___203 0.710 783 418 704 385 712 367 791 400 large-vehicle
P0270__1__405___203 0.712 797 271 717 240 724 222 804 253 large-vehicle
P0270__1__405___203 0.714 260 406 180 368 189 349 269 387 large-vehicle
P0270__1__405___203 0.715 789 392 710 356 718 337 797 373 large-vehicle
P0270__1__405___203 0.716 520 374 512 354 591 319 599 339 large-vehicle
P0270__1__405___203 0.716 395 414 384 394 458 355 469 375 large-vehicle
P0270__1__405___203 0.716 511 705 502 686 580 646 589 665 large-vehicle
P0270__1__405___203 0.718 508 443 499 424 577 386 586 405 large-vehicle
P0270__1__405___203 0.719 242 453 163 417 171 398 250 434 large-vehicle
P0270__1__405___203 0.719 395 293 385 273 460 234 470 254 large-vehicle
P0270__1__405___203 0.719 517 317 508 298 586 260 595 279 large-vehicle
P0270__1__405___203 0.719 383 624 374 605 452 565 461 584 large-vehicle
P0270__1__405___203 0.721 513 409 504 390 582 354 591 373 large-vehicle
P0270__1__405___203 0.722 779 603 701 566 710 548 788 585 large-vehicle
P0270__1__405___203 0.722 779 447 701 413 710 394 788 428 large-vehicle
P0270__1__405___203 0.722 798 115 721 82 729 64 806 97 large-vehicle
P0270__1__405___203 0.722 239 483 162 445 172 426 249 464 large-vehicle
P0270__1__405___203 0.723 789 542 710 507 718 489 797 524 large-vehicle
P0270__1__405___203 0.723 146 349 72 347 73 328 147 330 large-vehicle
P0270__1__405___203 0.723 502 148 493 128 571 91 580 111 large-vehicle
P0270__1__405___203 0.724 396 322 387 303 463 265 472 284 large-vehicle
P0270__1__405___203 0.724 501 504 493 486 570 451 578 469 large-vehicle
P0270__1__405___203 0.724 376 711 368 692 445 660 453 679 large-vehicle
P0270__1__405___203 0.724 519 345 511 327 588 292 596 310 large-vehicle
P0270__1__405___203 0.725 502 532 494 513 571 477 579 496 large-vehicle
P0270__1__405___203 0.726 250 429 172 393 181 374 259 410 large-vehicle
P0270__1__405___203 0.728 769 660 692 624 700 605 777 641 large-vehicle
P0270__1__405___203 0.729 779 631 702 596 710 578 787 613 large-vehicle
P0270__1__405___203 0.729 394 470 384 451 459 411 469 430 large-vehicle
P0270__1__405___203 0.729 396 529 386 511 463 472 473 490 large-vehicle
P0270__1__405___203 0.733 813 91 734 59 742 40 821 72 large-vehicle
P0270__1__405___203 0.733 22 844 4 843 5 799 23 800 small-vehicle
P0270__1__405___203 0.735 139 455 65 454 66 434 140 435 large-vehicle
P0270__1__405___203 0.735 651 930 629 922 660 841 682 849 large-vehicle
P0270__1__405___203 0.736 523 200 513 181 588 141 598 160 large-vehicle
P0270__1__405___203 0.736 524 225 515 207 591 170 600 188 large-vehicle
P0270__1__405___203 0.739 139 510 65 506 66 487 140 491 large-vehicle
P0270__1__405___203 0.740 504 682 495 663 573 623 582 642 large-vehicle
P0270__1__405___203 0.740 499 595 489 575 566 536 576 556 large-vehicle
P0270__1__405___203 0.741 392 500 382 482 459 443 469 461 large-vehicle
P0270__1__405___203 0.741 505 474 496 455 572 417 581 436 large-vehicle
P0270__1__405___203 0.742 511 289 503 269 582 234 590 254 large-vehicle
P0270__1__405___203 0.742 229 673 151 639 160 620 238 654 large-vehicle
P0270__1__405___203 0.745 795 301 716 269 724 250 803 282 large-vehicle
P0270__1__405___203 0.745 389 590 380 571 456 533 465 552 large-vehicle
P0270__1__405___203 0.747 811 215 734 180 742 162 819 197 large-vehicle
P0270__1__405___203 0.748 802 246 726 208 735 189 811 227 large-vehicle
P0270__1__405___203 0.750 768 694 691 655 701 637 778 676 large-vehicle
P0270__1__405___203 0.750 232 647 154 612 163 592 241 627 large-vehicle
P0270__1__405___203 0.754 503 652 493 634 570 595 580 613 large-vehicle
P0270__1__405___203 0.775 101 888 83 887 86 847 104 848 small-vehicle
