P0276__1__0___0 0.273 119 25 112 2 130 -3 137 19 small-vehicle
P0276__1__0___0 0.316 14 720 2 703 37 679 49 696 small-vehicle
P0276__1__0___0 0.350 14 618 2 600 25 585 37 603 small-vehicle
P0276__1__0___0 0.390 11 844 0 828 18 815 29 831 small-vehicle
P0276__1__0___0 0.423 10 922 0 908 17 895 28 909 small-vehicle
P0276__1__0___0 0.481 9 949 -1 933 30 910 41 926 small-vehicle
P0276__1__0___0 0.514 100 400 88 384 157 333 169 349 large-vehicle
P0276__1__0___0 0.530 876 443 863 422 899 400 912 421 small-vehicle
P0276__1__0___0 0.536 504 995 488 971 553 928 569 952 large-vehicle
P0276__1__0___0 0.538 512 429 497 407 623 322 638 344 large-vehicle
P0276__1__0___0 0.557 459 953 446 934 532 874 545 893 large-vehicle
P0276__1__0___0 0.564 814 885 800 866 859 824 873 843 large-vehicle
P0276__1__0___0 0.578 434 934 421 916 501 859 514 877 large-vehicle
P0276__1__0___0 0.578 131 813 120 797 150 776 161 792 small-vehicle
P0276__1__0___0 0.580 757 777 742 754 864 672 879 695 large-vehicle
P0276__1__0___0 0.609 219 732 197 702 210 693 232 723 small-vehicle
P0276__1__0___0 0.609 846 1032 833 1012 967 921 980 941 large-vehicle
P0276__1__0___0 0.611 756 338 707 267 729 251 778 322 large-vehicle
P0276__1__0___0 0.628 167 495 155 478 220 430 232 447 large-vehicle
P0276__1__0___0 0.634 673 625 661 607 722 564 734 582 large-vehicle
P0276__1__0___0 0.642 382 867 369 849 449 792 462 810 large-vehicle
P0276__1__0___0 0.647 715 485 655 408 672 394 732 471 large-vehicle
P0276__1__0___0 0.647 32 681 21 665 55 642 66 658 small-vehicle
P0276__1__0___0 0.649 66 1036 53 1018 89 993 102 1011 small-vehicle
P0276__1__0___0 0.650 55 1017 42 999 74 976 87 994 small-vehicle
P0276__1__0___0 0.653 353 816 340 798 420 741 433 759 large-vehicle
P0276__1__0___0 0.657 848 465 806 403 827 388 869 450 large-vehicle
P0276__1__0___0 0.662 130 447 118 431 187 380 199 396 large-vehicle
P0276__1__0___0 0.664 896 529 851 469 869 456 914 516 large-vehicle
P0276__1__0___0 0.666 246 611 234 594 303 544 315 561 large-vehicle
P0276__1__0___0 0.668 318 772 304 752 391 689 405 709 large-vehicle
P0276__1__0___0 0.670 688 650 675 632 737 587 750 605 large-vehicle
P0276__1__0___0 0.679 264 637 250 619 317 570 331 588 large-vehicle
P0276__1__0___0 0.681 150 470 138 454 205 405 217 421 large-vehicle
P0276__1__0___0 0.684 907 887 884 848 902 838 925 877 small-vehicle
P0276__1__0___0 0.687 418 876 406 859 469 811 481 828 large-vehicle
P0276__1__0___0 0.693 24 963 12 946 41 926 53 943 small-vehicle
P0276__1__0___0 0.694 116 423 104 406 171 358 183 375 large-vehicle
P0276__1__0___0 0.696 333 793 320 773 408 714 421 734 large-vehicle
P0276__1__0___0 0.698 199 540 186 524 250 475 263 491 large-vehicle
P0276__1__0___0 0.700 219 560 207 543 270 499 282 516 large-vehicle
P0276__1__0___0 0.701 940 863 917 828 935 816 958 851 small-vehicle
P0276__1__0___0 0.702 117 1026 103 1007 136 983 150 1002 small-vehicle
P0276__1__0___0 0.721 25 661 14 645 42 626 53 642 small-vehicle
P0276__1__0___0 0.721 426 907 413 889 497 828 510 846 large-vehicle
P0276__1__0___0 0.729 384 831 371 811 449 756 462 776 large-vehicle
P0276__1__0___0 0.744 74 727 62 709 93 688 105 706 small-vehicle
P0276__1__0___0 0.752 965 850 940 815 958 801 983 836 small-vehicle
P0276__1__0___0 0.754 133 610 110 577 124 567 147 600 small-vehicle
P0276__1__0___0 0.771 51 769 39 753 70 730 82 746 small-vehicle
P0276__1__0___0 0.782 107 782 95 765 124 743 136 760 small-vehicle
P0276__1__0___425 0.258 365 1022 347 998 366 985 384 1009 large-vehicle
P0276__1__0___425 0.259 4 728 -6 715 9 703 20 716 small-vehicle
P0276__1__0___425 0.270 6 750 -5 735 19 717 31 732 small-vehicle
P0276__1__0___425 0.320 15 294 4 277 38 253 49 270 small-vehicle
P0276__1__0___425 0.346 5 678 -5 663 18 645 29 660 small-vehicle
P0276__1__0___425 0.346 846 38 808 -16 829 -30 867 24 large-vehicle
P0276__1__0___425 0.355 993 19 980 0 1020 -25 1033 -6 large-vehicle
P0276__1__0___425 0.364 14 193 2 175 25 160 37 178 small-vehicle
P0276__1__0___425 0.366 1006 46 993 28 1037 -2 1050 15 large-vehicle
P0276__1__0___425 0.376 399 1024 373 987 392 973 418 1010 large-vehicle
P0276__1__0___425 0.404 11 419 0 404 18 390 29 405 small-vehicle
P0276__1__0___425 0.423 713 57 664 -3 682 -17 731 43 large-vehicle
P0276__1__0___425 0.423 10 522 0 507 31 485 42 500 small-vehicle
P0276__1__0___425 0.442 671 830 660 814 702 787 713 803 small-vehicle
P0276__1__0___425 0.442 9 497 0 483 18 470 28 484 small-vehicle
P0276__1__0___425 0.545 151 46 139 30 204 -20 216 -4 large-vehicle
P0276__1__0___425 0.546 131 389 119 371 150 350 162 368 small-vehicle
P0276__1__0___425 0.572 32 732 21 717 49 697 60 712 small-vehicle
P0276__1__0___425 0.582 10 697 0 681 29 662 39 678 small-vehicle
P0276__1__0___425 0.591 12 774 1 758 33 735 44 751 small-vehicle
P0276__1__0___425 0.595 383 406 369 386 448 331 462 351 large-vehicle
P0276__1__0___425 0.596 432 508 420 490 501 435 513 453 large-vehicle
P0276__1__0___425 0.598 812 460 799 441 859 399 872 418 large-vehicle
P0276__1__0___425 0.602 844 607 832 588 969 496 981 515 large-vehicle
P0276__1__0___425 0.615 219 307 197 277 210 268 232 298 small-vehicle
P0276__1__0___425 0.617 372 828 346 789 367 775 393 814 small-vehicle
P0276__1__0___425 0.626 24 539 12 522 41 502 53 519 small-vehicle
P0276__1__0___425 0.634 417 451 405 434 468 386 480 403 large-vehicle
P0276__1__0___425 0.636 187 945 166 908 184 898 205 935 small-vehicle
P0276__1__0___425 0.638 489 744 468 713 488 699 509 730 small-vehicle
P0276__1__0___425 0.639 503 572 486 548 552 503 569 527 large-vehicle
P0276__1__0___425 0.646 101 663 88 644 122 620 135 639 small-vehicle
P0276__1__0___425 0.646 200 115 188 99 251 50 263 66 large-vehicle
P0276__1__0___425 0.649 758 353 742 330 863 246 879 269 large-vehicle
P0276__1__0___425 0.650 353 390 340 371 420 315 433 334 large-vehicle
P0276__1__0___425 0.667 673 200 660 182 722 139 735 157 large-vehicle
P0276__1__0___425 0.676 263 213 249 194 318 144 332 163 large-vehicle
P0276__1__0___425 0.676 316 346 302 327 391 265 405 284 large-vehicle
P0276__1__0___425 0.678 117 601 104 582 136 558 149 577 small-vehicle
P0276__1__0___425 0.678 247 187 234 170 302 120 315 137 large-vehicle
P0276__1__0___425 0.678 219 135 207 118 270 74 282 91 large-vehicle
P0276__1__0___425 0.681 689 225 676 207 738 162 751 180 large-vehicle
P0276__1__0___425 0.682 56 592 44 575 75 553 87 570 small-vehicle
P0276__1__0___425 0.688 168 70 155 53 219 5 232 22 large-vehicle
P0276__1__0___425 0.689 964 424 940 390 959 377 983 411 small-vehicle
P0276__1__0___425 0.692 195 718 185 704 216 681 226 695 small-vehicle
P0276__1__0___425 0.696 305 873 281 838 300 826 324 861 small-vehicle
P0276__1__0___425 0.697 24 236 13 220 41 201 52 217 small-vehicle
P0276__1__0___425 0.698 335 368 321 348 408 289 422 309 large-vehicle
P0276__1__0___425 0.699 908 461 884 422 901 412 925 451 small-vehicle
P0276__1__0___425 0.705 895 104 850 45 868 31 913 90 large-vehicle
P0276__1__0___425 0.714 32 256 21 240 55 217 66 233 small-vehicle
P0276__1__0___425 0.715 45 749 34 733 64 712 75 728 small-vehicle
P0276__1__0___425 0.715 382 442 369 425 449 367 462 384 large-vehicle
P0276__1__0___425 0.716 939 437 917 402 936 390 958 425 small-vehicle
P0276__1__0___425 0.721 74 301 63 285 95 264 106 280 small-vehicle
P0276__1__0___425 0.722 20 717 9 701 39 680 50 696 small-vehicle
P0276__1__0___425 0.730 177 758 166 743 196 721 207 736 small-vehicle
P0276__1__0___425 0.737 723 796 712 780 744 759 755 775 small-vehicle
P0276__1__0___425 0.737 426 482 413 464 497 403 510 421 large-vehicle
P0276__1__0___425 0.738 460 527 446 508 529 450 543 469 large-vehicle
P0276__1__0___425 0.740 65 611 52 593 88 568 101 586 small-vehicle
P0276__1__0___425 0.746 132 185 110 152 125 142 147 175 small-vehicle
P0276__1__0___425 0.748 95 816 83 800 114 777 126 793 small-vehicle
P0276__1__0___425 0.758 25 788 14 772 44 751 55 767 small-vehicle
P0276__1__0___425 0.760 52 344 39 328 69 305 82 321 small-vehicle
P0276__1__0___425 0.784 70 783 58 767 89 744 101 760 small-vehicle
P0276__1__0___425 0.796 107 357 95 340 124 318 136 335 small-vehicle
P0276__1__0___425 0.819 704 782 693 766 727 743 738 759 small-vehicle
P0276__1__114___0 0.263 -19 406 -32 388 43 331 56 349 large-vehicle
P0276__1__114___0 0.298 822 370 807 350 847 319 862 339 small-vehicle
P0276__1__114___0 0.301 4 26 -1 2 17 -2 23 21 small-vehicle
P0276__1__114___0 0.332 925 515 911 495 950 466 964 486 small-vehicle
P0276__1__114___0 0.418 1 1027 -11 1009 22 984 35 1002 small-vehicle
P0276__1__114___0 0.487 17 814 6 797 36 777 47 794 small-vehicle
P0276__1__114___0 0.518 319 933 306 915 386 860 399 878 large-vehicle
P0276__1__114___0 0.541 698 884 685 865 745 823 758 842 large-vehicle
P0276__1__114___0 0.552 762 444 748 422 783 399 797 421 small-vehicle
P0276__1__114___0 0.552 398 430 383 409 509 321 524 342 large-vehicle
P0276__1__114___0 0.555 104 731 83 700 95 692 116 723 small-vehicle
P0276__1__114___0 0.573 983 960 957 925 974 913 1000 948 small-vehicle
P0276__1__114___0 0.578 389 996 373 973 438 927 454 950 large-vehicle
P0276__1__114___0 0.602 732 1033 719 1013 853 922 866 942 large-vehicle
P0276__1__114___0 0.603 133 611 120 593 188 544 201 562 large-vehicle
P0276__1__114___0 0.606 642 338 593 267 615 251 664 322 large-vehicle
P0276__1__114___0 0.616 344 951 331 932 417 874 430 893 large-vehicle
P0276__1__114___0 0.620 51 495 39 479 106 428 118 444 large-vehicle
P0276__1__114___0 0.622 -7 780 -18 764 11 743 22 759 small-vehicle
P0276__1__114___0 0.622 19 610 -3 578 10 569 33 601 small-vehicle
P0276__1__114___0 0.625 559 625 546 607 608 564 621 582 large-vehicle
P0276__1__114___0 0.636 575 651 562 633 624 588 637 606 large-vehicle
P0276__1__114___0 0.636 643 778 626 753 748 671 765 696 large-vehicle
P0276__1__114___0 0.636 782 531 734 470 753 456 801 517 large-vehicle
P0276__1__114___0 0.657 600 486 541 407 559 393 618 472 large-vehicle
P0276__1__114___0 0.659 0 425 -11 409 57 358 69 374 large-vehicle
P0276__1__114___0 0.664 103 561 91 543 156 498 168 516 large-vehicle
P0276__1__114___0 0.666 36 470 24 454 91 405 103 421 large-vehicle
P0276__1__114___0 0.669 239 815 226 796 306 740 319 759 large-vehicle
P0276__1__114___0 0.674 734 465 692 403 713 388 755 450 large-vehicle
P0276__1__114___0 0.675 304 876 291 858 355 811 368 829 large-vehicle
P0276__1__114___0 0.676 794 887 769 848 785 838 810 877 small-vehicle
P0276__1__114___0 0.681 84 541 72 525 137 474 149 490 large-vehicle
P0276__1__114___0 0.682 202 771 189 752 277 690 290 709 large-vehicle
P0276__1__114___0 0.682 268 867 255 849 333 792 346 810 large-vehicle
P0276__1__114___0 0.683 852 851 827 816 845 802 870 837 small-vehicle
P0276__1__114___0 0.688 219 793 205 772 294 712 308 733 large-vehicle
P0276__1__114___0 0.697 149 637 136 619 204 570 217 588 large-vehicle
P0276__1__114___0 0.709 16 447 4 430 73 380 85 397 large-vehicle
P0276__1__114___0 0.719 311 908 298 889 384 827 397 846 large-vehicle
P0276__1__114___0 0.725 826 862 803 827 821 815 844 850 small-vehicle
P0276__1__114___0 0.725 269 830 256 811 334 757 347 776 large-vehicle
P0276__1__114___0 0.736 969 977 947 944 962 934 984 967 small-vehicle
P0276__1__114___425 0.255 358 1022 334 989 351 977 375 1010 small-vehicle
P0276__1__114___425 0.271 925 90 911 70 950 43 964 63 small-vehicle
P0276__1__114___425 0.282 879 20 865 0 906 -26 920 -6 large-vehicle
P0276__1__114___425 0.295 -13 820 -25 803 5 779 17 796 small-vehicle
P0276__1__114___425 0.340 285 1023 259 987 278 974 304 1010 large-vehicle
P0276__1__114___425 0.370 732 38 695 -14 715 -28 752 24 large-vehicle
P0276__1__114___425 0.452 557 829 546 813 588 786 599 802 small-vehicle
P0276__1__114___425 0.490 599 58 550 -2 568 -16 617 44 large-vehicle
P0276__1__114___425 0.511 -13 663 -26 644 7 620 20 639 small-vehicle
P0276__1__114___425 0.542 698 460 685 441 745 399 758 418 large-vehicle
P0276__1__114___425 0.544 984 534 958 500 973 489 999 523 small-vehicle
P0276__1__114___425 0.571 239 390 226 372 306 315 319 333 large-vehicle
P0276__1__114___425 0.575 258 827 233 789 253 776 278 814 small-vehicle
P0276__1__114___425 0.602 730 608 717 589 853 497 866 516 large-vehicle
P0276__1__114___425 0.605 35 46 23 30 90 -20 102 -4 large-vehicle
P0276__1__114___425 0.606 17 388 6 371 36 351 47 368 small-vehicle
P0276__1__114___425 0.611 202 346 188 327 277 265 291 284 large-vehicle
P0276__1__114___425 0.612 851 426 826 391 846 377 871 412 small-vehicle
P0276__1__114___425 0.617 0 604 -13 585 21 559 35 578 small-vehicle
P0276__1__114___425 0.623 86 115 73 99 137 50 150 66 large-vehicle
P0276__1__114___425 0.625 559 201 546 182 608 138 621 157 large-vehicle
P0276__1__114___425 0.626 318 508 306 490 387 435 399 453 large-vehicle
P0276__1__114___425 0.634 269 406 255 388 334 331 348 349 large-vehicle
P0276__1__114___425 0.636 103 307 83 277 96 268 116 298 small-vehicle
P0276__1__114___425 0.639 -7 356 -18 340 11 319 22 335 small-vehicle
P0276__1__114___425 0.645 389 572 373 548 438 503 454 527 large-vehicle
P0276__1__114___425 0.649 74 945 53 909 71 898 92 934 small-vehicle
P0276__1__114___425 0.655 782 105 734 44 753 30 801 91 large-vehicle
P0276__1__114___425 0.658 133 186 121 169 188 121 200 138 large-vehicle
P0276__1__114___425 0.660 149 213 135 194 204 144 218 163 large-vehicle
P0276__1__114___425 0.663 304 450 291 432 355 387 368 405 large-vehicle
P0276__1__114___425 0.667 53 70 41 53 106 5 118 22 large-vehicle
P0276__1__114___425 0.674 642 353 626 329 749 246 765 270 large-vehicle
P0276__1__114___425 0.678 375 744 354 712 374 699 395 731 small-vehicle
P0276__1__114___425 0.686 105 135 93 118 156 74 168 91 large-vehicle
P0276__1__114___425 0.692 266 443 254 425 335 366 347 384 large-vehicle
P0276__1__114___425 0.695 575 225 562 207 624 162 637 180 large-vehicle
P0276__1__114___425 0.698 219 368 206 348 294 289 307 309 large-vehicle
P0276__1__114___425 0.703 793 462 770 423 786 413 809 452 small-vehicle
P0276__1__114___425 0.710 19 184 -3 153 10 143 33 174 small-vehicle
P0276__1__114___425 0.718 346 527 332 507 415 448 429 468 large-vehicle
P0276__1__114___425 0.723 826 437 803 402 821 390 844 425 small-vehicle
P0276__1__114___425 0.729 312 482 299 464 383 403 396 421 large-vehicle
P0276__1__114___425 0.736 191 873 167 838 186 826 210 861 small-vehicle
P0276__1__114___425 0.741 83 718 71 703 102 679 114 694 small-vehicle
P0276__1__114___425 0.744 970 551 947 519 961 510 984 542 small-vehicle
P0276__1__114___425 0.744 63 759 52 744 82 722 93 737 small-vehicle
P0276__1__114___425 0.780 609 796 598 780 630 759 641 775 small-vehicle
P0276__1__114___425 0.823 590 782 579 766 613 743 624 759 small-vehicle
