P0272__1__0___0 0.250 743 660 724 647 762 587 781 600 large-vehicle
P0272__1__0___0 0.261 28 751 -3 726 7 712 39 737 small-vehicle
P0272__1__0___0 0.320 537 827 486 790 502 768 553 805 large-vehicle
P0272__1__0___0 0.327 46 546 33 532 69 497 82 511 small-vehicle
P0272__1__0___0 0.333 423 411 404 398 436 352 455 365 small-vehicle
P0272__1__0___0 0.345 633 812 614 800 650 747 669 759 large-vehicle
P0272__1__0___0 0.356 46 737 19 714 29 702 56 725 small-vehicle
P0272__1__0___0 0.387 251 503 232 489 264 446 283 460 large-vehicle
P0272__1__0___0 0.389 321 277 276 248 288 230 333 259 small-vehicle
P0272__1__0___0 0.397 12 332 0 321 23 295 35 306 small-vehicle
P0272__1__0___0 0.450 398 40 387 24 421 0 432 15 small-vehicle
P0272__1__0___0 0.510 359 74 345 60 376 29 390 43 small-vehicle
P0272__1__0___0 0.556 266 183 251 172 279 136 294 147 small-vehicle
P0272__1__0___0 0.566 246 397 172 336 187 318 261 379 large-vehicle
P0272__1__0___0 0.593 227 228 214 217 238 189 251 200 small-vehicle
P0272__1__0___0 0.602 409 184 367 150 382 131 424 165 large-vehicle
P0272__1__0___0 0.609 685 106 664 94 688 51 709 63 small-vehicle
P0272__1__0___0 0.620 527 750 510 737 552 679 569 692 large-vehicle
P0272__1__0___0 0.622 122 348 109 337 133 307 146 318 small-vehicle
P0272__1__0___0 0.632 725 132 707 121 730 83 748 94 small-vehicle
P0272__1__0___0 0.646 208 464 191 451 231 403 248 416 large-vehicle
P0272__1__0___0 0.656 708 119 686 106 713 60 735 73 small-vehicle
P0272__1__0___0 0.664 297 139 285 129 306 104 318 114 small-vehicle
P0272__1__0___0 0.668 83 390 70 379 100 345 113 356 small-vehicle
P0272__1__0___0 0.670 186 273 173 263 195 236 208 246 small-vehicle
P0272__1__0___0 0.682 807 183 791 173 812 140 828 150 small-vehicle
P0272__1__0___0 0.692 463 671 394 615 410 596 479 652 large-vehicle
P0272__1__0___0 0.694 135 193 122 182 148 150 161 161 small-vehicle
P0272__1__0___0 0.700 311 310 254 267 268 249 325 292 large-vehicle
P0272__1__0___0 0.709 587 801 564 789 608 708 631 720 large-vehicle
P0272__1__0___0 0.714 825 201 807 189 832 150 850 162 small-vehicle
P0272__1__0___0 0.718 599 534 581 520 628 457 646 471 large-vehicle
P0272__1__0___0 0.725 104 230 91 220 113 193 126 203 small-vehicle
P0272__1__0___0 0.728 161 160 148 149 174 117 187 128 small-vehicle
P0272__1__0___0 0.737 845 208 829 198 850 165 866 175 small-vehicle
P0272__1__0___0 0.747 365 271 292 220 304 202 377 253 large-vehicle
P0272__1__0___0 0.749 397 226 331 192 342 171 408 205 large-vehicle
P0272__1__0___0 0.769 155 314 141 302 166 271 180 283 small-vehicle
P0272__1__0___0 0.771 39 304 25 294 48 263 62 273 small-vehicle
P0272__1__0___0 0.775 324 112 311 99 339 69 352 82 small-vehicle
P0272__1__0___0 0.805 71 265 58 254 82 226 95 237 small-vehicle
