P0275__1__0___0 0.267 677 615 653 611 668 526 692 530 large-vehicle
P0275__1__0___0 0.281 831 1043 810 1039 818 998 839 1002 small-vehicle
P0275__1__0___0 0.426 807 1045 786 1041 794 996 815 1000 small-vehicle
P0275__1__0___0 0.440 984 464 984 446 1057 443 1057 461 large-vehicle
P0275__1__0___0 0.445 296 783 275 780 285 714 306 717 large-vehicle
P0275__1__0___0 0.454 1029 988 1009 985 1014 947 1034 950 small-vehicle
P0275__1__0___0 0.471 983 535 982 517 1056 514 1057 532 large-vehicle
P0275__1__0___0 0.493 315 624 248 612 252 589 319 601 large-vehicle
P0275__1__0___0 0.496 984 441 982 423 1055 416 1057 434 large-vehicle
P0275__1__0___0 0.502 1056 665 982 656 985 636 1059 645 large-vehicle
P0275__1__0___0 0.514 987 860 941 848 946 829 992 841 small-vehicle
P0275__1__0___0 0.521 984 729 940 702 951 686 995 713 large-vehicle
P0275__1__0___0 0.530 562 832 540 827 557 747 579 752 large-vehicle
P0275__1__0___0 0.532 854 923 838 923 839 890 855 890 small-vehicle
P0275__1__0___0 0.538 982 488 981 470 1057 467 1058 485 large-vehicle
P0275__1__0___0 0.543 1057 638 979 631 980 613 1058 620 large-vehicle
P0275__1__0___0 0.548 419 810 396 806 414 723 437 727 large-vehicle
P0275__1__0___0 0.548 465 588 444 584 460 501 481 505 large-vehicle
P0275__1__0___0 0.549 784 1038 763 1036 769 993 790 995 small-vehicle
P0275__1__0___0 0.552 865 949 864 911 882 910 883 948 small-vehicle
P0275__1__0___0 0.569 982 561 982 542 1057 540 1057 559 large-vehicle
P0275__1__0___0 0.574 819 628 795 623 810 557 834 562 large-vehicle
P0275__1__0___0 0.584 563 603 540 598 558 516 581 521 large-vehicle
P0275__1__0___0 0.618 1010 690 948 671 953 653 1015 672 large-vehicle
P0275__1__0___0 0.627 943 267 883 226 894 210 954 251 large-vehicle
P0275__1__0___0 0.628 983 513 981 495 1056 490 1058 508 large-vehicle
P0275__1__0___0 0.630 709 848 688 842 704 779 725 785 large-vehicle
P0275__1__0___0 0.636 815 518 727 505 730 481 818 494 large-vehicle
P0275__1__0___0 0.641 1059 611 980 603 982 584 1061 592 large-vehicle
P0275__1__0___0 0.645 776 735 691 720 695 700 780 715 large-vehicle
P0275__1__0___0 0.646 866 984 837 958 849 945 878 971 small-vehicle
P0275__1__0___0 0.648 905 410 843 372 854 355 916 393 large-vehicle
P0275__1__0___0 0.657 807 945 787 940 798 894 818 899 small-vehicle
P0275__1__0___0 0.668 830 959 810 954 821 912 841 917 small-vehicle
P0275__1__0___0 0.669 269 795 244 791 258 706 283 710 large-vehicle
P0275__1__0___0 0.679 307 560 269 482 288 473 326 551 large-vehicle
P0275__1__0___0 0.686 661 848 639 844 654 763 676 767 large-vehicle
P0275__1__0___0 0.694 889 494 808 472 814 451 895 473 large-vehicle
P0275__1__0___0 0.694 635 846 612 841 630 759 653 764 large-vehicle
P0275__1__0___0 0.700 513 599 493 595 508 512 528 516 large-vehicle
P0275__1__0___0 0.701 736 603 714 598 727 532 749 537 large-vehicle
P0275__1__0___0 0.703 904 520 843 507 847 489 908 502 large-vehicle
P0275__1__0___0 0.715 897 434 837 393 848 377 908 418 large-vehicle
P0275__1__0___0 0.721 982 764 907 722 917 705 992 747 large-vehicle
P0275__1__0___0 0.723 366 565 345 560 365 474 386 479 large-vehicle
P0275__1__0___0 0.724 940 294 878 252 889 235 951 277 large-vehicle
P0275__1__0___0 0.725 392 576 371 572 387 489 408 493 large-vehicle
P0275__1__0___0 0.726 536 598 516 593 535 511 555 516 large-vehicle
P0275__1__0___0 0.728 319 799 297 796 310 712 332 715 large-vehicle
P0275__1__0___0 0.731 587 838 564 833 580 749 603 754 large-vehicle
P0275__1__0___0 0.732 690 603 667 600 677 534 700 537 large-vehicle
P0275__1__0___0 0.733 933 317 871 277 882 260 944 300 large-vehicle
P0275__1__0___0 0.735 764 610 741 607 751 541 774 544 large-vehicle
P0275__1__0___0 0.735 538 832 515 827 533 741 556 746 large-vehicle
P0275__1__0___0 0.738 371 803 349 799 362 716 384 720 large-vehicle
P0275__1__0___0 0.738 966 223 904 185 915 168 977 206 large-vehicle
P0275__1__0___0 0.743 912 386 851 348 861 331 922 369 large-vehicle
P0275__1__0___0 0.744 612 611 589 606 607 522 630 527 large-vehicle
P0275__1__0___0 0.745 442 817 419 812 437 726 460 731 large-vehicle
P0275__1__0___0 0.746 1002 996 982 992 991 947 1011 951 small-vehicle
P0275__1__0___0 0.746 638 614 615 610 631 527 654 531 large-vehicle
P0275__1__0___0 0.750 440 582 419 578 435 497 456 501 large-vehicle
P0275__1__0___0 0.753 489 591 469 587 482 504 502 508 large-vehicle
P0275__1__0___0 0.757 347 798 324 795 334 713 357 716 large-vehicle
P0275__1__0___0 0.758 663 617 639 613 656 528 680 532 large-vehicle
P0275__1__0___0 0.758 953 245 893 206 904 190 964 229 large-vehicle
P0275__1__0___0 0.766 935 372 874 333 884 317 945 356 large-vehicle
P0275__1__0___174 0.251 549 430 525 425 544 337 568 342 large-vehicle
P0275__1__0___174 0.266 674 443 650 439 665 352 689 356 large-vehicle
P0275__1__0___174 0.362 1057 361 985 359 986 340 1058 342 large-vehicle
P0275__1__0___174 0.425 982 289 980 270 1057 264 1059 283 large-vehicle
P0275__1__0___174 0.427 562 657 540 652 557 574 579 579 large-vehicle
P0275__1__0___174 0.442 983 267 981 249 1054 242 1056 260 large-vehicle
P0275__1__0___174 0.443 1029 817 1008 814 1014 772 1035 775 small-vehicle
P0275__1__0___174 0.448 316 450 248 439 251 415 319 426 large-vehicle
P0275__1__0___174 0.451 295 609 275 606 284 542 304 545 large-vehicle
P0275__1__0___174 0.483 988 685 943 675 947 656 992 666 small-vehicle
P0275__1__0___174 0.496 985 556 940 527 950 511 995 540 large-vehicle
P0275__1__0___174 0.507 1056 490 981 482 983 463 1058 471 large-vehicle
P0275__1__0___174 0.520 980 313 979 295 1057 292 1058 310 large-vehicle
P0275__1__0___174 0.555 776 562 692 547 696 527 779 542 large-vehicle
P0275__1__0___174 0.562 865 775 864 736 882 736 883 775 small-vehicle
P0275__1__0___174 0.563 855 750 839 750 840 717 856 717 small-vehicle
P0275__1__0___174 0.565 1058 463 979 456 981 438 1060 445 large-vehicle
P0275__1__0___174 0.577 905 238 843 197 854 179 916 220 large-vehicle
P0275__1__0___174 0.582 982 386 981 367 1057 365 1058 384 large-vehicle
P0275__1__0___174 0.582 865 810 837 784 850 771 878 797 small-vehicle
P0275__1__0___174 0.603 419 637 398 633 414 550 435 554 large-vehicle
P0275__1__0___174 0.612 816 992 774 980 779 961 821 973 small-vehicle
P0275__1__0___174 0.615 1059 436 980 429 982 409 1061 416 large-vehicle
P0275__1__0___174 0.623 1010 516 946 497 951 479 1015 498 large-vehicle
P0275__1__0___174 0.630 819 453 795 448 810 382 834 387 large-vehicle
P0275__1__0___174 0.630 983 338 982 320 1056 317 1057 335 large-vehicle
P0275__1__0___174 0.634 709 674 688 668 704 605 725 611 large-vehicle
P0275__1__0___174 0.638 761 999 721 989 726 970 766 980 small-vehicle
P0275__1__0___174 0.643 814 342 728 332 731 309 817 319 large-vehicle
P0275__1__0___174 0.644 513 426 493 423 508 339 528 342 large-vehicle
P0275__1__0___174 0.646 465 413 444 409 460 326 481 330 large-vehicle
P0275__1__0___174 0.650 807 869 789 866 796 828 814 831 small-vehicle
P0275__1__0___174 0.652 944 94 881 51 893 35 956 78 large-vehicle
P0275__1__0___174 0.654 753 1019 718 1012 722 996 757 1003 small-vehicle
P0275__1__0___174 0.663 764 978 726 968 731 951 769 961 small-vehicle
P0275__1__0___174 0.671 307 386 269 308 288 299 326 377 large-vehicle
P0275__1__0___174 0.672 784 865 765 862 771 820 790 823 small-vehicle
P0275__1__0___174 0.676 269 621 244 617 258 532 283 536 large-vehicle
P0275__1__0___174 0.679 830 879 812 876 819 836 837 839 small-vehicle
P0275__1__0___174 0.679 830 785 810 780 821 738 841 743 small-vehicle
P0275__1__0___174 0.682 806 1012 766 1001 771 983 811 994 small-vehicle
P0275__1__0___174 0.687 661 673 640 669 654 590 675 594 large-vehicle
P0275__1__0___174 0.691 788 914 746 902 751 885 793 897 small-vehicle
P0275__1__0___174 0.700 830 927 791 915 797 898 836 910 small-vehicle
P0275__1__0___174 0.705 392 402 370 398 385 315 407 319 large-vehicle
P0275__1__0___174 0.706 823 951 782 938 788 920 829 933 small-vehicle
P0275__1__0___174 0.707 897 262 837 220 848 203 908 245 large-vehicle
P0275__1__0___174 0.709 636 669 614 665 631 584 653 588 large-vehicle
P0275__1__0___174 0.709 563 429 540 424 558 342 581 347 large-vehicle
P0275__1__0___174 0.709 890 318 808 298 813 279 895 299 large-vehicle
P0275__1__0___174 0.710 905 346 844 333 848 315 909 328 large-vehicle
P0275__1__0___174 0.713 779 936 740 922 746 905 785 919 small-vehicle
P0275__1__0___174 0.713 807 771 787 766 798 720 818 725 small-vehicle
P0275__1__0___174 0.714 662 443 639 438 655 354 678 359 large-vehicle
P0275__1__0___174 0.715 690 429 667 426 677 360 700 363 large-vehicle
P0275__1__0___174 0.717 791 891 751 881 756 864 796 874 small-vehicle
P0275__1__0___174 0.718 983 591 906 548 916 530 993 573 large-vehicle
P0275__1__0___174 0.720 852 883 835 880 843 840 860 843 small-vehicle
P0275__1__0___174 0.722 982 929 961 924 971 884 992 889 small-vehicle
P0275__1__0___174 0.725 764 435 742 432 751 368 773 371 large-vehicle
P0275__1__0___174 0.727 736 429 714 424 727 358 749 363 large-vehicle
P0275__1__0___174 0.727 878 897 859 893 869 852 888 856 small-vehicle
P0275__1__0___174 0.729 838 906 798 895 803 877 843 888 small-vehicle
P0275__1__0___174 0.729 536 425 516 420 535 338 555 343 large-vehicle
P0275__1__0___174 0.737 366 390 345 385 365 301 386 306 large-vehicle
P0275__1__0___174 0.739 932 143 872 102 883 86 943 127 large-vehicle
P0275__1__0___174 0.741 319 624 297 620 310 537 332 541 large-vehicle
P0275__1__0___174 0.741 442 642 419 637 437 553 460 558 large-vehicle
P0275__1__0___174 0.741 776 957 734 945 739 926 781 938 small-vehicle
P0275__1__0___174 0.741 441 409 419 405 434 322 456 326 large-vehicle
P0275__1__0___174 0.742 946 914 930 906 949 873 965 881 small-vehicle
P0275__1__0___174 0.743 587 663 564 658 580 576 603 581 large-vehicle
P0275__1__0___174 0.745 941 119 880 78 890 62 951 103 large-vehicle
P0275__1__0___174 0.747 912 212 851 174 861 157 922 195 large-vehicle
P0275__1__0___174 0.747 638 440 615 436 631 353 654 357 large-vehicle
P0275__1__0___174 0.750 953 70 893 31 904 15 964 54 large-vehicle
P0275__1__0___174 0.750 371 629 349 626 362 542 384 545 large-vehicle
P0275__1__0___174 0.752 346 625 324 622 335 540 357 543 large-vehicle
P0275__1__0___174 0.752 538 658 515 653 533 567 556 572 large-vehicle
P0275__1__0___174 0.753 965 48 904 9 914 -6 975 32 large-vehicle
P0275__1__0___174 0.753 612 437 589 432 607 348 630 353 large-vehicle
P0275__1__0___174 0.759 489 417 468 413 482 330 503 334 large-vehicle
P0275__1__0___174 0.770 934 198 873 159 883 143 944 182 large-vehicle
P0275__1__0___174 0.776 1003 821 982 817 990 774 1011 778 small-vehicle
P0275__1__144___0 0.263 708 898 694 897 695 869 709 870 small-vehicle
P0275__1__144___0 0.293 687 1042 667 1038 674 997 694 1001 small-vehicle
P0275__1__144___0 0.335 920 1020 916 1003 959 993 963 1010 small-vehicle
P0275__1__144___0 0.424 841 730 796 701 806 685 851 714 large-vehicle
P0275__1__144___0 0.447 662 1044 641 1041 649 997 670 1000 small-vehicle
P0275__1__144___0 0.452 152 783 131 780 141 714 162 717 large-vehicle
P0275__1__144___0 0.463 843 860 797 848 802 829 848 841 small-vehicle
P0275__1__144___0 0.494 171 624 106 612 110 589 175 601 large-vehicle
P0275__1__144___0 0.520 418 833 396 828 413 748 435 753 large-vehicle
P0275__1__144___0 0.536 275 812 253 808 270 723 292 727 large-vehicle
P0275__1__144___0 0.548 640 1038 620 1035 625 993 645 996 small-vehicle
P0275__1__144___0 0.550 321 587 300 583 316 502 337 506 large-vehicle
P0275__1__144___0 0.560 710 923 694 923 695 890 711 890 small-vehicle
P0275__1__144___0 0.572 720 949 719 910 737 910 738 949 small-vehicle
P0275__1__144___0 0.575 674 628 650 622 665 557 689 563 large-vehicle
P0275__1__144___0 0.586 419 603 396 598 414 516 437 521 large-vehicle
P0275__1__144___0 0.603 978 980 963 970 985 937 1000 947 small-vehicle
P0275__1__144___0 0.621 798 267 738 226 749 210 809 251 large-vehicle
P0275__1__144___0 0.625 565 848 544 842 560 779 581 785 large-vehicle
P0275__1__144___0 0.629 866 691 803 671 809 652 872 672 large-vehicle
P0275__1__144___0 0.634 761 411 701 371 712 354 772 394 large-vehicle
P0275__1__144___0 0.636 662 946 642 941 653 895 673 900 small-vehicle
P0275__1__144___0 0.646 885 987 866 985 870 948 889 950 small-vehicle
P0275__1__144___0 0.647 671 518 583 506 586 481 674 493 large-vehicle
P0275__1__144___0 0.648 632 736 547 721 551 701 636 716 large-vehicle
P0275__1__144___0 0.675 517 848 495 844 510 763 532 767 large-vehicle
P0275__1__144___0 0.678 126 796 101 792 115 707 140 711 large-vehicle
P0275__1__144___0 0.680 163 560 126 482 146 473 183 551 large-vehicle
P0275__1__144___0 0.680 870 443 868 423 957 416 959 436 large-vehicle
P0275__1__144___0 0.681 685 958 666 952 678 911 697 917 small-vehicle
P0275__1__144___0 0.683 869 537 868 518 954 514 955 533 large-vehicle
P0275__1__144___0 0.686 721 984 693 956 706 943 734 971 small-vehicle
P0275__1__144___0 0.692 746 492 664 471 669 451 751 472 large-vehicle
P0275__1__144___0 0.693 370 597 349 594 363 512 384 515 large-vehicle
P0275__1__144___0 0.698 592 602 570 598 583 533 605 537 large-vehicle
P0275__1__144___0 0.699 861 490 860 471 946 465 947 484 large-vehicle
P0275__1__144___0 0.701 761 520 700 507 704 489 765 502 large-vehicle
P0275__1__144___0 0.703 492 844 470 840 487 759 509 763 large-vehicle
P0275__1__144___0 0.706 944 638 854 631 855 611 945 618 large-vehicle
P0275__1__144___0 0.707 886 326 885 305 975 299 976 320 large-vehicle
P0275__1__144___0 0.710 894 280 892 261 981 251 983 270 large-vehicle
P0275__1__144___0 0.712 900 232 898 213 985 203 987 222 large-vehicle
P0275__1__144___0 0.713 906 203 904 183 993 174 995 194 large-vehicle
P0275__1__144___0 0.716 754 434 694 394 705 377 765 417 large-vehicle
P0275__1__144___0 0.720 876 373 875 352 963 348 964 369 large-vehicle
P0275__1__144___0 0.723 897 257 895 238 982 228 984 247 large-vehicle
P0275__1__144___0 0.723 222 565 201 560 221 474 242 479 large-vehicle
P0275__1__144___0 0.726 248 576 228 573 243 489 263 493 large-vehicle
P0275__1__144___0 0.727 789 317 727 277 738 260 800 300 large-vehicle
P0275__1__144___0 0.727 546 603 523 600 533 534 556 537 large-vehicle
P0275__1__144___0 0.728 621 610 597 606 608 541 632 545 large-vehicle
P0275__1__144___0 0.728 822 223 760 185 771 168 833 206 large-vehicle
P0275__1__144___0 0.729 392 598 372 593 391 511 411 516 large-vehicle
P0275__1__144___0 0.729 395 832 372 827 390 741 413 746 large-vehicle
P0275__1__144___0 0.729 839 764 762 723 772 705 849 746 large-vehicle
P0275__1__144___0 0.729 863 514 861 495 948 489 950 508 large-vehicle
P0275__1__144___0 0.731 227 803 205 799 218 716 240 720 large-vehicle
P0275__1__144___0 0.731 796 294 734 252 745 235 807 277 large-vehicle
P0275__1__144___0 0.733 767 388 707 348 718 331 778 371 large-vehicle
P0275__1__144___0 0.735 298 818 275 813 293 727 316 732 large-vehicle
P0275__1__144___0 0.736 443 838 419 833 436 749 460 754 large-vehicle
P0275__1__144___0 0.737 468 610 445 605 463 521 486 526 large-vehicle
P0275__1__144___0 0.741 866 561 865 542 953 538 954 557 large-vehicle
P0275__1__144___0 0.744 175 799 154 796 166 712 187 715 large-vehicle
P0275__1__144___0 0.744 494 614 471 610 487 527 510 531 large-vehicle
P0275__1__144___0 0.747 942 667 853 657 855 636 944 646 large-vehicle
P0275__1__144___0 0.748 296 582 275 578 291 497 312 501 large-vehicle
P0275__1__144___0 0.750 203 798 180 795 190 713 213 716 large-vehicle
P0275__1__144___0 0.750 519 617 495 613 512 528 536 532 large-vehicle
P0275__1__144___0 0.752 810 246 748 206 759 189 821 229 large-vehicle
P0275__1__144___0 0.753 947 610 857 603 858 583 948 590 large-vehicle
P0275__1__144___0 0.756 345 591 325 587 338 504 358 508 large-vehicle
P0275__1__144___0 0.757 859 994 838 990 846 947 867 951 small-vehicle
P0275__1__144___0 0.758 869 465 868 446 954 442 955 461 large-vehicle
P0275__1__144___0 0.764 791 373 729 335 740 318 802 356 large-vehicle
P0275__1__144___174 0.255 405 430 381 425 400 337 424 342 large-vehicle
P0275__1__144___174 0.371 918 845 915 828 959 820 962 837 small-vehicle
P0275__1__144___174 0.414 841 556 796 527 806 511 851 540 large-vehicle
P0275__1__144___174 0.421 418 657 396 652 413 574 435 579 large-vehicle
P0275__1__144___174 0.436 844 684 799 674 803 655 848 665 small-vehicle
P0275__1__144___174 0.453 172 450 104 438 109 415 177 427 large-vehicle
P0275__1__144___174 0.466 151 608 131 605 140 543 160 546 large-vehicle
P0275__1__144___174 0.562 631 562 546 547 550 527 635 542 large-vehicle
P0275__1__144___174 0.575 711 749 695 748 696 714 712 715 small-vehicle
P0275__1__144___174 0.576 721 776 718 736 736 735 739 775 small-vehicle
P0275__1__144___174 0.583 869 363 868 344 956 340 957 359 large-vehicle
P0275__1__144___174 0.586 935 922 899 921 900 905 936 906 small-vehicle
P0275__1__144___174 0.586 862 316 860 297 947 291 949 310 large-vehicle
P0275__1__144___174 0.587 761 237 700 197 712 180 773 220 large-vehicle
P0275__1__144___174 0.613 275 637 254 633 270 550 291 554 large-vehicle
P0275__1__144___174 0.613 978 806 963 796 983 765 998 775 small-vehicle
P0275__1__144___174 0.616 672 992 630 980 635 961 677 973 small-vehicle
P0275__1__144___174 0.632 866 516 804 498 809 479 871 497 large-vehicle
P0275__1__144___174 0.638 565 674 544 668 560 605 581 611 large-vehicle
P0275__1__144___174 0.638 669 342 583 332 586 309 672 319 large-vehicle
P0275__1__144___174 0.643 368 426 348 423 363 339 383 342 large-vehicle
P0275__1__144___174 0.643 800 94 737 51 749 35 812 78 large-vehicle
P0275__1__144___174 0.644 609 1018 574 1011 578 995 613 1002 small-vehicle
P0275__1__144___174 0.644 321 413 300 409 316 326 337 330 large-vehicle
P0275__1__144___174 0.648 720 810 692 782 705 769 733 797 small-vehicle
P0275__1__144___174 0.650 618 1000 578 989 583 971 623 982 small-vehicle
P0275__1__144___174 0.656 674 454 652 449 667 383 689 388 large-vehicle
P0275__1__144___174 0.668 162 387 124 308 145 298 183 377 large-vehicle
P0275__1__144___174 0.668 517 673 496 669 510 590 531 594 large-vehicle
P0275__1__144___174 0.671 663 869 645 866 652 828 670 831 small-vehicle
P0275__1__144___174 0.671 885 813 866 811 870 774 889 776 small-vehicle
P0275__1__144___174 0.675 871 269 870 249 956 244 957 264 large-vehicle
P0275__1__144___174 0.677 621 979 583 968 588 950 626 961 small-vehicle
P0275__1__144___174 0.681 662 1012 622 1001 627 983 667 994 small-vehicle
P0275__1__144___174 0.683 686 879 668 876 675 836 693 839 small-vehicle
P0275__1__144___174 0.689 126 620 101 616 115 531 140 535 large-vehicle
P0275__1__144___174 0.692 760 346 699 333 703 315 764 328 large-vehicle
P0275__1__144___174 0.693 899 57 897 39 984 30 986 48 large-vehicle
P0275__1__144___174 0.694 905 30 903 10 994 1 996 21 large-vehicle
P0275__1__144___174 0.702 686 927 647 915 653 898 692 910 small-vehicle
P0275__1__144___174 0.703 644 914 602 902 607 885 649 897 small-vehicle
P0275__1__144___174 0.703 418 428 396 424 413 343 435 347 large-vehicle
P0275__1__144___174 0.708 864 340 862 321 949 315 951 334 large-vehicle
P0275__1__144___174 0.708 753 262 693 220 704 203 764 245 large-vehicle
P0275__1__144___174 0.709 747 318 663 297 668 277 752 298 large-vehicle
P0275__1__144___174 0.709 662 771 642 766 653 720 673 725 small-vehicle
P0275__1__144___174 0.711 247 402 227 398 242 315 262 319 large-vehicle
P0275__1__144___174 0.711 686 784 666 779 677 737 697 742 small-vehicle
P0275__1__144___174 0.713 679 952 638 937 644 919 685 934 small-vehicle
P0275__1__144___174 0.713 518 443 495 438 511 354 534 359 large-vehicle
P0275__1__144___174 0.714 640 865 621 862 627 820 646 823 small-vehicle
P0275__1__144___174 0.715 621 435 598 431 608 368 631 372 large-vehicle
P0275__1__144___174 0.716 636 936 597 922 603 905 642 919 small-vehicle
P0275__1__144___174 0.716 492 670 471 666 487 585 508 589 large-vehicle
P0275__1__144___174 0.717 895 109 892 89 980 76 983 96 large-vehicle
P0275__1__144___174 0.721 941 494 853 483 856 463 944 474 large-vehicle
P0275__1__144___174 0.721 897 84 894 65 982 53 985 72 large-vehicle
P0275__1__144___174 0.721 839 590 762 549 772 531 849 572 large-vehicle
P0275__1__144___174 0.722 734 896 715 892 725 851 744 855 small-vehicle
P0275__1__144___174 0.724 708 883 691 880 699 840 716 843 small-vehicle
P0275__1__144___174 0.725 546 429 523 426 533 360 556 363 large-vehicle
P0275__1__144___174 0.726 592 428 570 424 583 359 605 363 large-vehicle
P0275__1__144___174 0.728 867 388 866 369 952 365 953 384 large-vehicle
P0275__1__144___174 0.729 768 214 706 174 717 157 779 197 large-vehicle
P0275__1__144___174 0.730 693 905 655 895 660 878 698 888 small-vehicle
P0275__1__144___174 0.731 647 892 607 881 612 863 652 874 small-vehicle
P0275__1__144___174 0.731 222 390 201 385 221 301 242 306 large-vehicle
P0275__1__144___174 0.732 821 48 759 10 770 -6 832 31 large-vehicle
P0275__1__144___174 0.733 392 425 372 420 391 338 411 343 large-vehicle
P0275__1__144___174 0.733 876 200 874 179 963 173 965 194 large-vehicle
P0275__1__144___174 0.734 944 464 854 457 855 437 945 444 large-vehicle
P0275__1__144___174 0.738 632 957 590 945 595 926 637 938 small-vehicle
P0275__1__144___174 0.738 298 644 275 639 293 553 316 558 large-vehicle
P0275__1__144___174 0.743 888 152 886 131 975 125 977 146 large-vehicle
P0275__1__144___174 0.744 788 144 727 103 739 85 800 126 large-vehicle
P0275__1__144___174 0.744 444 663 421 659 437 576 460 580 large-vehicle
P0275__1__144___174 0.745 797 119 735 79 746 62 808 102 large-vehicle
P0275__1__144___174 0.745 297 409 275 405 290 322 312 326 large-vehicle
P0275__1__144___174 0.745 810 71 749 32 759 16 820 55 large-vehicle
P0275__1__144___174 0.746 394 658 371 653 389 567 412 572 large-vehicle
P0275__1__144___174 0.747 203 625 180 622 190 540 213 543 large-vehicle
P0275__1__144___174 0.748 802 914 787 906 805 873 820 881 small-vehicle
P0275__1__144___174 0.749 868 291 867 272 953 268 954 287 large-vehicle
P0275__1__144___174 0.750 946 435 858 430 859 410 947 415 large-vehicle
P0275__1__144___174 0.751 838 927 818 922 827 884 847 889 small-vehicle
P0275__1__144___174 0.752 175 624 153 620 166 537 188 541 large-vehicle
P0275__1__144___174 0.752 493 440 470 436 486 353 509 357 large-vehicle
P0275__1__144___174 0.753 227 629 205 626 218 542 240 545 large-vehicle
P0275__1__144___174 0.753 468 437 445 432 463 348 486 353 large-vehicle
P0275__1__144___174 0.757 791 198 730 159 740 143 801 182 large-vehicle
P0275__1__144___174 0.765 345 418 324 414 338 331 359 335 large-vehicle
P0275__1__144___174 0.778 859 820 838 816 846 773 867 777 small-vehicle
