P0282__1__0___0 0.271 927 145 904 143 910 66 933 68 large-vehicle
P0282__1__0___0 0.316 876 99 858 97 863 56 881 58 small-vehicle
P0282__1__0___0 0.342 853 48 761 35 764 11 856 24 large-vehicle
P0282__1__0___0 0.393 671 658 658 606 678 601 691 653 small-vehicle
P0282__1__0___0 0.440 956 151 929 149 935 62 962 64 large-vehicle
P0282__1__0___0 0.446 315 592 308 575 352 559 359 576 small-vehicle
P0282__1__0___0 0.477 1049 459 973 380 992 362 1068 441 large-vehicle
P0282__1__0___0 0.573 607 575 603 559 642 548 646 564 small-vehicle
P0282__1__0___0 0.583 1023 472 957 403 974 387 1040 456 large-vehicle
P0282__1__0___0 0.612 700 773 697 731 715 730 718 772 small-vehicle
P0282__1__0___0 0.621 221 193 213 176 254 156 262 173 small-vehicle
P0282__1__0___0 0.636 566 492 560 474 599 461 605 479 small-vehicle
P0282__1__0___0 0.649 544 451 539 434 575 422 580 439 small-vehicle
P0282__1__0___0 0.657 594 558 589 540 633 529 638 547 small-vehicle
P0282__1__0___0 0.664 567 234 530 128 556 119 593 225 large-vehicle
P0282__1__0___0 0.669 262 433 254 415 297 398 305 416 small-vehicle
P0282__1__0___0 0.670 590 512 585 494 625 483 630 501 small-vehicle
P0282__1__0___0 0.676 250 357 248 341 285 336 287 352 small-vehicle
P0282__1__0___0 0.683 403 278 367 173 394 163 430 268 large-vehicle
P0282__1__0___0 0.684 302 524 296 504 339 491 345 511 small-vehicle
P0282__1__0___0 0.691 274 328 237 325 239 309 276 312 small-vehicle
P0282__1__0___0 0.698 305 549 299 533 340 518 346 534 small-vehicle
P0282__1__0___0 0.702 519 237 488 146 512 138 543 229 large-vehicle
P0282__1__0___0 0.707 249 382 246 365 286 357 289 374 small-vehicle
P0282__1__0___0 0.707 309 574 301 554 350 535 358 555 small-vehicle
P0282__1__0___0 0.708 292 499 288 480 333 470 337 489 small-vehicle
P0282__1__0___0 0.719 595 534 592 516 632 507 635 525 small-vehicle
P0282__1__0___0 0.725 561 468 556 450 594 439 599 457 small-vehicle
P0282__1__0___0 0.727 344 303 307 196 335 186 372 293 large-vehicle
P0282__1__0___0 0.736 293 336 253 230 276 221 316 327 large-vehicle
P0282__1__0___0 0.739 314 310 281 218 305 209 338 301 large-vehicle
P0282__1__175___0 0.270 431 600 426 582 474 569 479 587 small-vehicle
P0282__1__175___0 0.326 752 145 729 143 735 66 758 68 large-vehicle
P0282__1__175___0 0.343 497 659 483 605 502 600 516 654 small-vehicle
P0282__1__175___0 0.372 141 592 135 574 180 559 186 577 small-vehicle
P0282__1__175___0 0.374 700 99 682 97 687 56 705 58 small-vehicle
P0282__1__175___0 0.458 677 50 586 37 590 11 681 24 ship
P0282__1__175___0 0.460 915 447 836 353 856 336 935 430 large-vehicle
P0282__1__175___0 0.499 780 151 753 149 759 64 786 66 large-vehicle
P0282__1__175___0 0.580 856 481 781 404 799 386 874 463 large-vehicle
P0282__1__175___0 0.584 523 774 521 731 540 729 542 772 small-vehicle
P0282__1__175___0 0.598 884 464 804 381 823 363 903 446 large-vehicle
P0282__1__175___0 0.600 896 710 882 699 905 669 919 680 small-vehicle
P0282__1__175___0 0.611 417 557 413 539 458 528 462 546 small-vehicle
P0282__1__175___0 0.618 47 193 39 176 78 156 86 173 small-vehicle
P0282__1__175___0 0.623 433 575 429 559 468 548 472 564 small-vehicle
P0282__1__175___0 0.652 74 383 70 365 111 356 115 374 small-vehicle
P0282__1__175___0 0.657 76 358 73 341 109 335 112 352 small-vehicle
P0282__1__175___0 0.661 391 492 385 474 424 461 430 479 small-vehicle
P0282__1__175___0 0.676 87 433 80 415 122 398 129 416 small-vehicle
P0282__1__175___0 0.684 393 234 356 128 382 119 419 225 large-vehicle
P0282__1__175___0 0.685 370 451 364 435 399 422 405 438 small-vehicle
P0282__1__175___0 0.688 229 278 193 173 220 163 256 268 large-vehicle
P0282__1__175___0 0.692 415 511 410 494 450 484 455 501 small-vehicle
P0282__1__175___0 0.692 134 574 126 554 175 535 183 555 small-vehicle
P0282__1__175___0 0.698 117 499 113 480 158 470 162 489 small-vehicle
P0282__1__175___0 0.703 130 549 124 533 165 518 171 534 small-vehicle
P0282__1__175___0 0.703 344 237 313 146 337 138 368 229 large-vehicle
P0282__1__175___0 0.712 421 534 417 516 456 507 460 525 small-vehicle
P0282__1__175___0 0.715 126 523 121 505 165 492 170 510 small-vehicle
P0282__1__175___0 0.718 100 327 63 325 63 310 100 312 small-vehicle
P0282__1__175___0 0.735 169 303 132 196 160 186 197 293 large-vehicle
P0282__1__175___0 0.735 118 335 78 229 101 220 141 326 large-vehicle
P0282__1__175___0 0.745 386 468 381 450 419 439 424 457 small-vehicle
P0282__1__175___0 0.758 139 309 105 219 130 210 164 300 large-vehicle
