P0289__1__0___0 0.416 738 391 718 353 741 340 761 378 small-vehicle
P0289__1__0___0 0.450 320 1067 279 1004 349 958 390 1021 plane
P0289__1__0___0 0.597 699 921 649 855 714 806 764 872 plane
P0289__1__0___0 0.648 826 347 786 292 809 276 849 331 large-vehicle
P0289__1__0___0 0.652 714 449 672 386 691 374 733 437 large-vehicle
P0289__1__0___0 0.663 912 762 874 706 941 661 979 717 plane
P0289__1__0___0 0.676 834 822 790 758 867 705 911 769 plane
P0289__1__0___0 0.684 645 516 586 441 606 425 665 500 large-vehicle
P0289__1__0___0 0.685 684 841 646 782 721 734 759 793 plane
P0289__1__0___0 0.693 458 982 425 926 503 881 536 937 plane
P0289__1__0___0 0.694 609 967 579 903 664 864 694 928 plane
P0289__1__0___0 0.697 463 1058 432 1000 510 959 541 1017 plane
P0289__1__0___0 0.702 986 717 944 663 1013 610 1055 664 plane
P0289__1__0___0 0.703 902 679 869 625 939 582 972 636 plane
P0289__1__0___0 0.713 515 602 460 526 484 509 539 585 large-vehicle
P0289__1__0___0 0.718 538 931 505 878 573 834 606 887 plane
P0289__1__0___0 0.728 541 1020 503 958 578 911 616 973 plane
P0289__1__0___172 0.331 739 219 717 181 740 168 762 206 small-vehicle
P0289__1__0___172 0.511 714 277 672 215 691 202 733 264 large-vehicle
P0289__1__0___172 0.626 826 176 786 120 809 103 849 159 large-vehicle
P0289__1__0___172 0.654 699 747 650 681 712 634 761 700 plane
P0289__1__0___172 0.690 834 649 790 585 867 532 911 596 plane
P0289__1__0___172 0.692 912 589 875 534 939 490 976 545 plane
P0289__1__0___172 0.692 901 508 870 452 942 411 973 467 plane
P0289__1__0___172 0.693 609 795 579 731 662 692 692 756 plane
P0289__1__0___172 0.695 683 670 646 612 722 563 759 621 plane
P0289__1__0___172 0.695 645 345 587 268 608 252 666 329 large-vehicle
P0289__1__0___172 0.696 464 891 431 830 511 786 544 847 plane
P0289__1__0___172 0.698 986 545 944 490 1013 436 1055 491 plane
P0289__1__0___172 0.699 319 922 283 868 356 821 392 875 plane
P0289__1__0___172 0.712 459 810 426 754 502 709 535 765 plane
P0289__1__0___172 0.718 540 758 506 707 571 663 605 714 plane
P0289__1__0___172 0.720 543 847 503 787 576 740 616 800 plane
P0289__1__0___172 0.729 516 430 459 355 483 337 540 412 large-vehicle
P0289__1__140___0 0.401 598 391 578 352 601 340 621 379 small-vehicle
P0289__1__140___0 0.481 175 1059 141 1003 214 958 248 1014 plane
P0289__1__140___0 0.599 685 348 646 292 670 275 709 331 large-vehicle
P0289__1__140___0 0.635 558 921 509 856 573 808 622 873 plane
P0289__1__140___0 0.649 504 516 447 440 467 425 524 501 large-vehicle
P0289__1__140___0 0.651 573 449 531 386 550 374 592 437 large-vehicle
P0289__1__140___0 0.675 324 1059 294 1001 371 960 401 1018 plane
P0289__1__140___0 0.677 694 822 649 758 727 703 772 767 plane
P0289__1__140___0 0.690 847 716 805 662 876 607 918 661 plane
P0289__1__140___0 0.692 545 841 507 783 582 734 620 792 plane
P0289__1__140___0 0.697 469 967 439 901 524 862 554 928 plane
P0289__1__140___0 0.701 771 762 733 706 800 661 838 717 plane
P0289__1__140___0 0.703 762 679 728 627 797 582 831 634 plane
P0289__1__140___0 0.707 377 602 320 526 342 509 399 585 large-vehicle
P0289__1__140___0 0.708 403 1020 364 959 438 911 477 972 plane
P0289__1__140___0 0.725 400 931 366 880 431 836 465 887 plane
P0289__1__140___0 0.734 321 985 285 925 360 880 396 940 plane
P0289__1__140___172 0.387 598 219 578 180 601 168 621 207 small-vehicle
P0289__1__140___172 0.605 573 277 531 214 550 202 592 265 large-vehicle
P0289__1__140___172 0.654 685 176 646 120 670 103 709 159 large-vehicle
P0289__1__140___172 0.668 558 748 510 683 573 635 621 700 plane
P0289__1__140___172 0.671 504 345 446 268 467 252 525 329 large-vehicle
P0289__1__140___172 0.679 179 921 143 867 216 820 252 874 plane
P0289__1__140___172 0.688 326 890 292 831 369 787 403 846 plane
P0289__1__140___172 0.691 544 669 507 611 583 562 620 620 plane
P0289__1__140___172 0.693 693 649 648 584 726 530 771 595 plane
P0289__1__140___172 0.698 847 543 806 489 876 434 917 488 plane
P0289__1__140___172 0.698 470 796 438 731 521 691 553 756 plane
P0289__1__140___172 0.702 772 591 733 534 799 488 838 545 plane
P0289__1__140___172 0.704 402 848 363 787 437 739 476 800 plane
P0289__1__140___172 0.704 762 507 728 454 797 410 831 463 plane
P0289__1__140___172 0.706 320 811 285 755 361 708 396 764 plane
P0289__1__140___172 0.711 399 757 366 708 432 664 465 713 plane
P0289__1__140___172 0.732 377 431 319 354 342 336 400 413 large-vehicle
