P0288__1__0___0 0.254 302 535 254 366 281 358 329 527 large-vehicle
P0288__1__0___0 0.255 903 192 840 192 840 171 903 171 large-vehicle
P0288__1__0___0 0.270 291 547 283 512 298 508 306 543 small-vehicle
P0288__1__0___0 0.303 293 602 252 601 252 587 293 588 small-vehicle
P0288__1__0___0 0.320 210 768 203 746 367 697 374 719 large-vehicle
P0288__1__0___0 0.325 229 290 225 271 280 261 284 280 small-vehicle
P0288__1__0___0 0.394 1072 273 891 270 891 248 1072 251 large-vehicle
P0288__1__0___0 0.404 1056 346 887 334 889 313 1058 325 large-vehicle
P0288__1__0___0 0.425 1064 308 890 298 891 277 1065 287 large-vehicle
P0288__1__0___0 0.455 174 367 168 341 347 300 353 326 large-vehicle
P0288__1__0___0 0.523 206 498 205 482 243 479 244 495 small-vehicle
P0288__1__0___0 0.525 521 195 496 161 512 150 537 184 small-vehicle
P0288__1__0___0 0.526 246 425 237 384 257 380 266 421 small-vehicle
P0288__1__0___0 0.528 820 709 739 678 747 658 828 689 large-vehicle
P0288__1__0___0 0.535 1050 458 853 443 855 421 1052 436 large-vehicle
P0288__1__0___0 0.556 185 672 180 647 248 633 253 658 ship
P0288__1__0___0 0.559 247 483 239 437 258 434 266 480 small-vehicle
P0288__1__0___0 0.574 227 863 215 843 358 758 370 778 large-vehicle
P0288__1__0___0 0.591 808 214 808 199 845 199 845 214 small-vehicle
P0288__1__0___0 0.610 482 420 477 398 559 379 564 401 large-vehicle
P0288__1__0___0 0.611 254 928 232 909 291 841 313 860 large-vehicle
P0288__1__0___0 0.614 669 880 585 729 606 717 690 868 large-vehicle
P0288__1__0___0 0.627 405 622 392 538 418 533 431 617 large-vehicle
P0288__1__0___0 0.642 570 382 559 336 587 329 598 375 small-vehicle
P0288__1__0___0 0.645 254 629 252 618 281 614 283 625 small-vehicle
P0288__1__0___0 0.648 470 335 464 314 543 292 549 313 large-vehicle
P0288__1__0___0 0.654 736 673 700 660 707 642 743 655 small-vehicle
P0288__1__0___0 0.659 484 444 480 423 565 407 569 428 large-vehicle
P0288__1__0___0 0.661 495 196 467 163 482 151 510 184 small-vehicle
P0288__1__0___0 0.682 476 392 471 372 549 353 554 373 large-vehicle
P0288__1__0___0 0.687 738 167 713 136 729 122 754 153 small-vehicle
P0288__1__0___0 0.690 800 133 777 98 793 88 816 123 small-vehicle
P0288__1__0___0 0.695 473 365 468 345 546 324 551 344 large-vehicle
P0288__1__0___0 0.707 621 916 547 770 568 759 642 905 large-vehicle
P0288__1__0___0 0.708 198 478 187 428 209 423 220 473 ship
P0288__1__0___0 0.709 724 712 691 688 703 671 736 695 small-vehicle
P0288__1__0___0 0.717 337 828 327 817 354 793 364 804 small-vehicle
P0288__1__0___0 0.733 780 143 757 108 773 98 796 133 small-vehicle
P0288__1__0___0 0.779 374 880 363 869 391 843 402 854 small-vehicle
P0288__1__0___0 0.791 758 151 733 121 749 108 774 138 small-vehicle
P0288__1__0___172 0.261 495 24 464 -10 480 -24 511 10 small-vehicle
P0288__1__0___172 0.277 519 22 492 -9 506 -22 533 9 small-vehicle
P0288__1__0___172 0.297 304 364 253 195 279 187 330 356 large-vehicle
P0288__1__0___172 0.298 210 596 203 574 369 523 376 545 large-vehicle
P0288__1__0___172 0.327 229 116 226 98 280 89 283 107 small-vehicle
P0288__1__0___172 0.335 252 386 219 383 221 369 254 372 small-vehicle
P0288__1__0___172 0.360 291 375 283 339 298 336 306 372 small-vehicle
P0288__1__0___172 0.362 1066 101 892 98 893 76 1067 79 large-vehicle
P0288__1__0___172 0.376 1058 174 884 162 885 141 1059 153 large-vehicle
P0288__1__0___172 0.408 818 538 737 505 745 485 826 518 large-vehicle
P0288__1__0___172 0.426 809 42 809 27 846 25 846 40 small-vehicle
P0288__1__0___172 0.434 1063 137 889 127 890 106 1064 116 large-vehicle
P0288__1__0___172 0.458 184 502 178 476 247 461 253 487 ship
P0288__1__0___172 0.541 247 311 238 266 256 262 265 307 small-vehicle
P0288__1__0___172 0.546 174 195 168 169 345 128 351 154 large-vehicle
P0288__1__0___172 0.555 206 326 205 310 243 307 244 323 small-vehicle
P0288__1__0___172 0.561 1049 286 852 272 854 249 1051 263 large-vehicle
P0288__1__0___172 0.574 246 254 237 212 257 207 266 249 small-vehicle
P0288__1__0___172 0.602 255 757 232 737 290 670 313 690 large-vehicle
P0288__1__0___172 0.608 227 690 216 670 360 587 371 607 large-vehicle
P0288__1__0___172 0.613 736 501 699 490 705 472 742 483 small-vehicle
P0288__1__0___172 0.629 485 273 481 251 566 234 570 256 large-vehicle
P0288__1__0___172 0.629 337 658 327 647 354 621 364 632 small-vehicle
P0288__1__0___172 0.645 667 708 586 560 608 547 689 695 large-vehicle
P0288__1__0___172 0.650 571 211 559 163 586 156 598 204 small-vehicle
P0288__1__0___172 0.662 404 448 390 365 417 361 431 444 large-vehicle
P0288__1__0___172 0.663 724 541 690 515 703 498 737 524 small-vehicle
P0288__1__0___172 0.668 481 247 476 225 560 206 565 228 large-vehicle
P0288__1__0___172 0.674 374 708 363 696 391 669 402 681 small-vehicle
P0288__1__0___172 0.675 473 194 468 173 546 151 551 172 large-vehicle
P0288__1__0___172 0.692 475 220 470 200 548 181 553 201 large-vehicle
P0288__1__0___172 0.693 198 305 187 254 209 250 220 301 ship
P0288__1__0___172 0.693 470 162 464 141 543 119 549 140 large-vehicle
P0288__1__0___172 0.703 255 458 253 446 282 441 284 453 small-vehicle
P0288__1__0___172 0.706 620 745 545 597 567 586 642 734 large-vehicle
P0288__1__140___0 0.309 152 603 112 600 113 586 153 589 small-vehicle
P0288__1__140___0 0.317 111 558 79 555 80 541 112 544 small-vehicle
P0288__1__140___0 0.330 925 44 889 38 892 23 928 29 small-vehicle
P0288__1__140___0 0.356 152 547 143 512 157 508 166 543 small-vehicle
P0288__1__140___0 0.356 69 768 63 747 228 697 234 718 large-vehicle
P0288__1__140___0 0.395 89 290 85 271 138 261 142 280 small-vehicle
P0288__1__140___0 0.413 920 64 882 58 885 43 923 49 small-vehicle
P0288__1__140___0 0.427 669 214 669 199 706 199 706 214 small-vehicle
P0288__1__140___0 0.496 46 673 41 648 107 634 112 659 ship
P0288__1__140___0 0.497 106 482 98 437 117 433 125 478 small-vehicle
P0288__1__140___0 0.506 106 426 96 384 117 379 127 421 small-vehicle
P0288__1__140___0 0.508 35 367 29 340 206 300 212 327 large-vehicle
P0288__1__140___0 0.551 266 622 251 538 277 533 292 617 large-vehicle
P0288__1__140___0 0.556 381 195 355 161 370 150 396 184 small-vehicle
P0288__1__140___0 0.579 114 929 91 909 149 842 172 862 large-vehicle
P0288__1__140___0 0.593 341 418 337 398 418 379 422 399 large-vehicle
P0288__1__140___0 0.594 680 710 599 679 607 659 688 690 large-vehicle
P0288__1__140___0 0.600 67 498 65 483 102 479 104 494 small-vehicle
P0288__1__140___0 0.601 892 459 705 442 707 420 894 437 large-vehicle
P0288__1__140___0 0.610 87 865 76 845 220 758 231 778 large-vehicle
P0288__1__140___0 0.628 928 308 744 298 745 277 929 287 large-vehicle
P0288__1__140___0 0.638 114 629 113 617 143 614 144 626 small-vehicle
P0288__1__140___0 0.643 931 273 752 269 752 248 931 252 large-vehicle
P0288__1__140___0 0.657 660 134 638 97 655 87 677 124 small-vehicle
P0288__1__140___0 0.661 432 382 420 334 447 327 459 375 small-vehicle
P0288__1__140___0 0.663 927 346 741 333 742 313 928 326 large-vehicle
P0288__1__140___0 0.663 354 196 328 163 343 151 369 184 small-vehicle
P0288__1__140___0 0.666 58 477 47 427 69 422 80 472 ship
P0288__1__140___0 0.670 596 672 560 660 565 643 601 655 small-vehicle
P0288__1__140___0 0.676 344 446 340 424 427 407 431 429 large-vehicle
P0288__1__140___0 0.684 528 879 446 729 467 718 549 868 large-vehicle
P0288__1__140___0 0.690 329 335 323 314 402 292 408 313 large-vehicle
P0288__1__140___0 0.695 333 365 328 345 406 324 411 344 large-vehicle
P0288__1__140___0 0.699 336 392 331 372 409 353 414 373 large-vehicle
P0288__1__140___0 0.715 584 711 550 687 563 670 597 694 small-vehicle
P0288__1__140___0 0.720 482 916 408 770 429 759 503 905 large-vehicle
P0288__1__140___0 0.722 197 830 186 819 214 793 225 804 small-vehicle
P0288__1__140___0 0.744 599 166 574 136 590 123 615 153 small-vehicle
P0288__1__140___0 0.775 638 144 616 110 633 99 655 133 small-vehicle
P0288__1__140___0 0.776 234 881 223 870 251 842 262 853 small-vehicle
P0288__1__140___0 0.795 618 152 593 121 609 107 634 138 small-vehicle
P0288__1__140___172 0.263 415 804 331 622 356 611 440 793 large-vehicle
P0288__1__140___172 0.280 355 24 330 -6 344 -18 369 12 small-vehicle
P0288__1__140___172 0.326 152 375 144 339 159 336 167 372 small-vehicle
P0288__1__140___172 0.340 112 386 79 382 81 369 114 373 small-vehicle
P0288__1__140___172 0.344 379 20 353 -10 368 -22 394 8 small-vehicle
P0288__1__140___172 0.373 68 596 62 575 227 525 233 546 large-vehicle
P0288__1__140___172 0.413 669 43 669 28 706 26 706 41 small-vehicle
P0288__1__140___172 0.480 106 309 98 265 117 262 125 306 small-vehicle
P0288__1__140___172 0.492 105 254 96 212 118 207 127 249 small-vehicle
P0288__1__140___172 0.498 90 117 86 98 139 88 143 107 small-vehicle
P0288__1__140___172 0.520 44 501 39 476 107 462 112 487 ship
P0288__1__140___172 0.541 34 194 28 168 209 127 215 153 large-vehicle
P0288__1__140___172 0.552 679 537 600 506 608 486 687 517 large-vehicle
P0288__1__140___172 0.557 66 326 65 311 103 307 104 322 small-vehicle
P0288__1__140___172 0.567 114 757 91 738 149 670 172 689 large-vehicle
P0288__1__140___172 0.594 115 458 113 446 142 441 144 453 small-vehicle
P0288__1__140___172 0.602 87 691 75 671 218 586 230 606 large-vehicle
P0288__1__140___172 0.618 59 305 48 254 68 250 79 301 ship
P0288__1__140___172 0.620 888 287 705 270 707 248 890 265 large-vehicle
P0288__1__140___172 0.641 930 101 753 97 753 76 930 80 large-vehicle
P0288__1__140___172 0.644 341 247 336 225 418 206 423 228 large-vehicle
P0288__1__140___172 0.647 527 707 446 559 468 546 549 694 large-vehicle
P0288__1__140___172 0.653 344 274 340 252 427 235 431 257 large-vehicle
P0288__1__140___172 0.656 264 450 251 365 279 361 292 446 large-vehicle
P0288__1__140___172 0.660 329 163 323 142 402 120 408 141 large-vehicle
P0288__1__140___172 0.670 197 657 187 646 214 622 224 633 small-vehicle
P0288__1__140___172 0.674 431 210 419 162 446 155 458 203 small-vehicle
P0288__1__140___172 0.674 925 173 741 163 742 142 926 152 large-vehicle
P0288__1__140___172 0.676 928 137 744 127 745 106 929 116 large-vehicle
P0288__1__140___172 0.681 336 220 331 200 409 181 414 201 large-vehicle
P0288__1__140___172 0.684 333 194 327 174 406 151 412 171 large-vehicle
P0288__1__140___172 0.685 584 540 550 514 563 497 597 523 small-vehicle
P0288__1__140___172 0.685 596 500 561 488 567 471 602 483 small-vehicle
P0288__1__140___172 0.703 481 744 407 598 428 587 502 733 large-vehicle
P0288__1__140___172 0.787 234 709 223 698 251 670 262 681 small-vehicle
