P0285__1__0___0 0.255 122 739 69 716 79 692 132 715 small-vehicle
P0285__1__0___0 0.259 430 667 358 641 367 616 439 642 large-vehicle
P0285__1__0___0 0.272 524 50 440 12 451 -10 535 27 large-vehicle
P0285__1__0___0 0.274 642 155 622 145 667 52 687 62 large-vehicle
P0285__1__0___0 0.307 290 837 134 764 145 742 301 815 large-vehicle
P0285__1__0___0 0.312 623 148 604 139 644 53 663 62 large-vehicle
P0285__1__0___0 0.320 62 708 14 688 23 667 71 687 small-vehicle
P0285__1__0___0 0.505 536 393 478 366 487 346 545 373 large-vehicle
P0285__1__0___0 0.516 361 357 299 331 310 306 372 332 large-vehicle
P0285__1__0___0 0.531 477 537 411 508 420 488 486 517 large-vehicle
P0285__1__0___0 0.546 457 582 393 558 402 535 466 559 large-vehicle
P0285__1__0___0 0.560 469 557 414 535 422 514 477 536 large-vehicle
P0285__1__0___0 0.584 563 366 497 340 506 319 572 345 large-vehicle
P0285__1__0___0 0.584 485 505 426 483 434 462 493 484 large-vehicle
P0285__1__0___0 0.602 495 479 438 451 448 430 505 458 large-vehicle
P0285__1__0___0 0.642 523 415 466 387 476 368 533 396 large-vehicle
P0285__1__0___0 0.660 515 449 458 422 468 402 525 429 large-vehicle
