P0280__1__0___0 0.263 232 134 161 132 161 115 232 117 large-vehicle
P0280__1__0___0 0.316 26 127 13 127 15 88 28 88 small-vehicle
P0280__1__0___0 0.533 75 172 60 171 62 131 77 132 small-vehicle
P0280__1__0___0 0.555 66 443 49 442 53 398 70 399 small-vehicle
P0280__1__0___0 0.572 173 685 153 683 156 638 176 640 small-vehicle
P0280__1__0___0 0.586 162 435 142 433 147 372 167 374 large-vehicle
P0280__1__0___0 0.592 50 134 35 133 37 93 52 94 small-vehicle
P0280__1__0___0 0.602 80 128 64 127 67 87 83 88 small-vehicle
P0280__1__0___0 0.604 431 33 348 29 348 8 431 12 large-vehicle
P0280__1__0___0 0.608 414 293 395 292 399 234 418 235 large-vehicle
P0280__1__0___0 0.618 94 310 77 308 81 267 98 269 small-vehicle
P0280__1__0___0 0.633 245 298 226 297 230 235 249 236 large-vehicle
P0280__1__0___0 0.634 219 296 199 294 204 231 224 233 large-vehicle
P0280__1__0___0 0.642 213 441 194 439 198 378 217 380 large-vehicle
P0280__1__0___0 0.650 440 301 422 299 427 238 445 240 large-vehicle
P0280__1__0___0 0.657 265 439 246 438 250 378 269 379 large-vehicle
P0280__1__0___0 0.659 380 297 361 296 365 236 384 237 large-vehicle
P0280__1__0___0 0.662 298 298 280 296 285 235 303 237 large-vehicle
P0280__1__0___0 0.663 271 298 252 296 256 233 275 235 large-vehicle
P0280__1__0___0 0.664 44 261 27 260 29 218 46 219 small-vehicle
P0280__1__0___0 0.666 236 439 217 437 223 376 242 378 large-vehicle
P0280__1__0___0 0.672 369 449 351 447 358 386 376 388 large-vehicle
P0280__1__0___0 0.686 84 674 65 674 67 629 86 629 small-vehicle
P0280__1__0___0 0.699 325 296 306 295 310 235 329 236 large-vehicle
P0280__1__0___0 0.701 69 262 52 262 54 221 71 221 small-vehicle
P0280__1__0___0 0.712 408 609 389 600 419 534 438 543 large-vehicle
P0280__1__0___0 0.715 67 308 50 307 52 267 69 268 small-vehicle
P0280__1__0___0 0.718 571 215 550 207 580 130 601 138 large-vehicle
P0280__1__0___0 0.737 532 314 514 307 543 231 561 238 large-vehicle
P0280__1__0___0 0.750 489 418 469 409 502 335 522 344 large-vehicle
P0280__1__0___0 0.770 48 174 32 173 35 135 51 136 small-vehicle
