P0281__1__0___0 0.354 852 683 847 664 875 658 880 677 small-vehicle
P0281__1__0___0 0.357 753 397 735 381 812 296 830 312 large-vehicle
P0281__1__0___0 0.527 318 819 276 783 289 768 331 804 large-vehicle
P0281__1__0___0 0.546 235 920 199 893 210 879 246 906 small-vehicle
P0281__1__0___0 0.551 551 555 522 529 536 512 565 538 small-vehicle
P0281__1__0___0 0.581 724 402 670 358 687 337 741 381 ship
P0281__1__0___0 0.625 700 432 631 376 643 361 712 417 large-vehicle
P0281__1__0___0 0.663 514 631 452 578 465 562 527 615 large-vehicle
P0281__1__0___0 0.670 537 614 468 552 482 537 551 599 large-vehicle
P0281__1__0___0 0.694 238 954 164 895 177 879 251 938 large-vehicle
P0281__1__0___0 0.701 463 691 398 627 412 612 477 676 large-vehicle
P0281__1__0___0 0.706 354 813 291 757 305 742 368 798 large-vehicle
P0281__1__0___0 0.711 607 528 540 471 554 455 621 512 large-vehicle
P0281__1__0___0 0.718 407 752 342 687 356 673 421 738 large-vehicle
P0281__1__0___0 0.721 309 856 240 800 252 785 321 841 large-vehicle
P0281__1__0___0 0.721 267 912 208 844 224 831 283 899 large-vehicle
P0281__1__0___0 0.721 380 775 316 715 331 700 395 760 large-vehicle
P0281__1__0___0 0.728 290 878 221 822 235 805 304 861 large-vehicle
P0281__1__0___192 0.354 852 491 847 472 875 466 880 485 small-vehicle
P0281__1__0___192 0.369 753 205 735 189 812 104 830 120 large-vehicle
P0281__1__0___192 0.473 235 728 200 699 212 685 247 714 small-vehicle
P0281__1__0___192 0.529 317 627 275 591 288 576 330 612 large-vehicle
P0281__1__0___192 0.551 551 363 522 337 536 320 565 346 small-vehicle
P0281__1__0___192 0.581 724 211 670 167 687 146 741 190 ship
P0281__1__0___192 0.624 700 240 631 184 643 169 712 225 large-vehicle
P0281__1__0___192 0.663 514 438 452 385 465 369 527 422 large-vehicle
P0281__1__0___192 0.670 537 422 468 360 482 345 551 407 large-vehicle
P0281__1__0___192 0.699 239 762 163 703 176 687 252 746 large-vehicle
P0281__1__0___192 0.701 463 499 398 435 412 420 477 484 large-vehicle
P0281__1__0___192 0.706 354 621 291 565 305 550 368 606 large-vehicle
P0281__1__0___192 0.712 607 336 540 279 554 263 621 320 large-vehicle
P0281__1__0___192 0.719 407 560 342 495 356 481 421 546 large-vehicle
P0281__1__0___192 0.720 267 720 208 653 224 639 283 706 large-vehicle
P0281__1__0___192 0.721 309 664 240 608 252 593 321 649 large-vehicle
P0281__1__0___192 0.721 380 583 316 523 331 508 395 568 large-vehicle
P0281__1__0___192 0.728 290 686 221 630 235 613 304 669 large-vehicle
