P0283__1__0___0 0.306 917 426 896 424 902 373 923 375 large-vehicle
P0283__1__0___0 0.345 481 372 460 370 464 319 485 321 large-vehicle
P0283__1__0___0 0.390 789 290 767 289 768 239 790 240 small-vehicle
P0283__1__0___0 0.393 683 397 660 395 664 348 687 350 small-vehicle
P0283__1__0___0 0.393 708 279 688 277 691 230 711 232 large-vehicle
P0283__1__0___0 0.461 570 383 548 381 553 334 575 336 small-vehicle
P0283__1__0___0 0.466 761 291 740 291 740 240 761 240 small-vehicle
P0283__1__0___0 0.475 654 396 630 394 635 343 659 345 small-vehicle
P0283__1__0___0 0.480 701 493 677 488 686 442 710 447 small-vehicle
P0283__1__0___0 0.491 599 265 578 263 582 218 603 220 large-vehicle
P0283__1__0___0 0.503 348 346 329 342 339 297 358 301 large-vehicle
P0283__1__0___0 0.520 712 431 687 430 689 370 714 371 large-vehicle
P0283__1__0___0 0.542 678 273 658 272 663 226 683 227 large-vehicle
P0283__1__0___0 0.547 387 235 367 231 376 182 396 186 large-vehicle
P0283__1__0___0 0.555 436 233 417 230 427 180 446 183 large-vehicle
P0283__1__0___0 0.563 668 498 644 492 655 447 679 453 small-vehicle
P0283__1__0___0 0.569 487 246 467 245 468 193 488 194 large-vehicle
P0283__1__0___0 0.581 776 420 750 418 755 359 781 361 large-vehicle
P0283__1__0___0 0.590 760 505 736 504 739 456 763 457 small-vehicle
P0283__1__0___0 0.607 810 423 785 421 789 362 814 364 large-vehicle
P0283__1__0___0 0.625 411 230 391 226 402 177 422 181 large-vehicle
P0283__1__0___0 0.633 321 215 298 213 302 162 325 164 large-vehicle
P0283__1__0___0 0.634 461 239 441 237 446 186 466 188 large-vehicle
P0283__1__0___0 0.634 294 211 270 210 273 158 297 159 large-vehicle
P0283__1__0___0 0.640 940 324 917 320 927 261 950 265 large-vehicle
P0283__1__0___0 0.648 893 428 870 426 876 367 899 369 large-vehicle
P0283__1__0___0 0.659 865 423 843 420 850 360 872 363 large-vehicle
P0283__1__0___0 0.662 729 495 706 492 712 450 735 453 small-vehicle
P0283__1__0___0 0.662 735 283 711 282 716 222 740 223 large-vehicle
P0283__1__0___0 0.664 838 418 815 416 819 359 842 361 large-vehicle
P0283__1__0___0 0.671 258 145 232 140 243 78 269 83 large-vehicle
P0283__1__0___0 0.673 257 213 235 210 242 160 264 163 large-vehicle
P0283__1__0___0 0.676 655 269 635 267 640 214 660 216 large-vehicle
P0283__1__0___0 0.688 878 309 855 305 867 244 890 248 large-vehicle
P0283__1__0___0 0.688 375 184 353 182 358 123 380 125 large-vehicle
P0283__1__0___0 0.693 628 271 604 270 609 208 633 209 large-vehicle
P0283__1__0___0 0.700 911 312 888 307 900 245 923 250 large-vehicle
P0283__1__0___0 0.718 543 263 520 260 530 198 553 201 large-vehicle
P0283__1__0___0 0.722 402 186 380 184 385 127 407 129 large-vehicle
P0283__1__0___0 0.727 349 182 326 180 332 121 355 123 large-vehicle
P0283__1__0___0 0.751 512 251 490 247 501 188 523 192 large-vehicle
P0283__1__0___0 0.774 569 263 546 258 558 198 581 203 large-vehicle
P0283__1__213___0 0.326 575 289 553 288 554 238 576 239 small-vehicle
P0283__1__213___0 0.367 704 427 684 425 691 374 711 376 large-vehicle
P0283__1__213___0 0.403 268 372 247 371 251 319 272 320 large-vehicle
P0283__1__213___0 0.408 494 280 474 279 477 231 497 232 large-vehicle
P0283__1__213___0 0.414 357 384 336 382 340 333 361 335 small-vehicle
P0283__1__213___0 0.426 441 396 417 394 422 343 446 345 small-vehicle
P0283__1__213___0 0.439 470 397 448 395 453 348 475 350 small-vehicle
P0283__1__213___0 0.463 498 430 474 429 477 371 501 372 large-vehicle
P0283__1__213___0 0.471 488 494 463 488 473 441 498 447 small-vehicle
P0283__1__213___0 0.485 135 346 116 342 126 297 145 301 large-vehicle
P0283__1__213___0 0.498 1009 362 991 356 1002 321 1020 327 small-vehicle
P0283__1__213___0 0.501 548 291 527 291 527 240 548 240 small-vehicle
P0283__1__213___0 0.529 385 265 364 263 368 218 389 220 large-vehicle
P0283__1__213___0 0.534 465 274 445 272 450 225 470 227 large-vehicle
P0283__1__213___0 0.535 81 213 57 211 60 158 84 160 large-vehicle
P0283__1__213___0 0.572 546 505 521 504 525 456 550 457 small-vehicle
P0283__1__213___0 0.574 46 213 23 211 29 160 52 162 large-vehicle
P0283__1__213___0 0.581 174 236 154 233 163 179 183 182 large-vehicle
P0283__1__213___0 0.584 274 246 255 246 255 195 274 195 large-vehicle
P0283__1__213___0 0.589 562 420 536 417 543 359 569 362 large-vehicle
P0283__1__213___0 0.603 679 428 657 425 664 367 686 370 large-vehicle
P0283__1__213___0 0.618 198 230 179 227 189 177 208 180 large-vehicle
P0283__1__213___0 0.622 624 418 601 416 605 359 628 361 large-vehicle
P0283__1__213___0 0.623 224 233 204 230 213 180 233 183 large-vehicle
P0283__1__213___0 0.623 522 284 499 282 505 223 528 225 large-vehicle
P0283__1__213___0 0.625 455 498 431 493 442 447 466 452 small-vehicle
P0283__1__213___0 0.629 598 421 573 420 575 362 600 363 large-vehicle
P0283__1__213___0 0.630 952 159 930 156 937 108 959 111 small-vehicle
P0283__1__213___0 0.630 105 215 83 212 90 162 112 165 large-vehicle
P0283__1__213___0 0.632 728 324 705 320 715 261 738 265 large-vehicle
P0283__1__213___0 0.640 248 239 228 237 233 186 253 188 large-vehicle
P0283__1__213___0 0.663 651 423 629 419 638 360 660 364 large-vehicle
P0283__1__213___0 0.677 137 182 114 180 120 121 143 123 large-vehicle
P0283__1__213___0 0.677 443 269 422 266 428 214 449 217 large-vehicle
P0283__1__213___0 0.697 414 272 390 270 395 209 419 211 large-vehicle
P0283__1__213___0 0.702 665 308 642 304 654 245 677 249 large-vehicle
P0283__1__213___0 0.705 933 318 911 316 914 273 936 275 small-vehicle
P0283__1__213___0 0.705 949 217 928 214 934 174 955 177 small-vehicle
P0283__1__213___0 0.708 357 263 335 259 346 198 368 202 large-vehicle
P0283__1__213___0 0.713 697 311 674 306 686 244 709 249 large-vehicle
P0283__1__213___0 0.714 46 145 21 141 31 78 56 82 large-vehicle
P0283__1__213___0 0.725 188 186 168 184 173 127 193 129 large-vehicle
P0283__1__213___0 0.733 515 495 494 492 500 450 521 453 small-vehicle
P0283__1__213___0 0.743 940 267 918 265 921 222 943 224 small-vehicle
P0283__1__213___0 0.750 300 250 278 247 289 189 311 192 large-vehicle
P0283__1__213___0 0.752 161 184 140 182 146 123 167 125 large-vehicle
P0283__1__213___0 0.757 330 263 307 259 317 198 340 202 large-vehicle
