P0286__1__0___0 0.269 152 786 116 771 123 755 159 770 small-vehicle
P0286__1__0___0 0.288 935 74 900 60 908 41 943 55 small-vehicle
P0286__1__0___0 0.294 385 378 320 352 330 329 395 355 large-vehicle
P0286__1__0___0 0.296 440 590 375 570 383 545 448 565 large-vehicle
P0286__1__0___0 0.351 348 778 295 754 303 735 356 759 large-vehicle
P0286__1__0___0 0.370 216 734 173 715 181 697 224 716 small-vehicle
P0286__1__0___0 0.390 372 418 309 396 317 373 380 395 large-vehicle
P0286__1__0___0 0.470 844 47 802 27 811 8 853 28 small-vehicle
P0286__1__0___0 0.478 151 718 133 711 148 673 166 680 small-vehicle
P0286__1__0___0 0.485 282 629 215 596 225 576 292 609 large-vehicle
P0286__1__0___0 0.491 414 663 346 641 353 620 421 642 large-vehicle
P0286__1__0___0 0.525 376 554 350 544 375 479 401 489 large-vehicle
P0286__1__0___0 0.538 200 786 167 771 175 755 208 770 small-vehicle
P0286__1__0___0 0.551 394 715 329 691 337 668 402 692 large-vehicle
P0286__1__0___0 0.560 254 671 189 642 199 620 264 649 large-vehicle
P0286__1__0___0 0.575 152 814 108 796 115 779 159 797 small-vehicle
P0286__1__0___0 0.593 122 869 86 853 93 836 129 852 small-vehicle
P0286__1__0___0 0.602 402 690 337 667 345 645 410 668 large-vehicle
P0286__1__0___0 0.603 438 282 416 272 443 211 465 221 large-vehicle
P0286__1__0___0 0.604 308 576 236 543 245 523 317 556 large-vehicle
P0286__1__0___0 0.607 480 551 423 527 433 502 490 526 large-vehicle
P0286__1__0___0 0.638 309 610 228 570 238 549 319 589 large-vehicle
P0286__1__0___0 0.645 112 890 76 873 85 855 121 872 small-vehicle
P0286__1__0___0 0.648 201 756 159 738 168 719 210 737 small-vehicle
P0286__1__0___0 0.660 386 259 365 248 401 178 422 189 large-vehicle
P0286__1__0___0 0.690 924 112 888 97 895 79 931 94 small-vehicle
P0286__1__0___0 0.708 365 248 345 238 380 167 400 177 large-vehicle
P0286__1__0___0 0.717 284 747 264 738 303 656 323 665 large-vehicle
P0286__1__0___0 0.718 343 237 320 226 356 154 379 165 large-vehicle
P0286__1__0___0 0.725 302 218 277 207 311 135 336 146 large-vehicle
