P0770__1__0___0 0.264 376 981 360 974 363 966 379 973 small-vehicle
P0770__1__0___0 0.265 241 454 225 447 228 441 244 448 small-vehicle
P0770__1__0___0 0.281 795 8 776 -1 780 -10 799 0 small-vehicle
P0770__1__0___0 0.287 231 1042 211 1038 218 1001 238 1005 swimming-pool
P0770__1__0___0 0.304 674 51 665 47 675 28 684 32 small-vehicle
P0770__1__0___0 0.317 713 11 704 7 712 -11 721 -7 small-vehicle
P0770__1__0___0 0.324 511 363 502 359 510 342 519 346 small-vehicle
P0770__1__0___0 0.325 221 783 211 767 218 762 228 778 small-vehicle
P0770__1__0___0 0.335 540 112 522 103 541 65 559 74 swimming-pool
P0770__1__0___0 0.346 761 130 753 127 760 109 768 112 small-vehicle
P0770__1__0___0 0.354 296 935 270 924 275 914 301 925 small-vehicle
P0770__1__0___0 0.355 819 10 801 2 806 -6 824 1 small-vehicle
P0770__1__0___0 0.362 747 89 738 85 746 68 755 72 small-vehicle
P0770__1__0___0 0.372 525 332 516 327 526 309 535 314 small-vehicle
P0770__1__0___0 0.380 856 50 842 44 845 37 859 43 small-vehicle
P0770__1__0___0 0.395 536 1006 513 996 517 987 540 997 large-vehicle
P0770__1__0___0 0.395 327 82 320 62 328 59 335 79 small-vehicle
P0770__1__0___0 0.410 808 27 792 19 797 10 813 18 small-vehicle
P0770__1__0___0 0.417 612 162 605 157 615 141 622 146 small-vehicle
P0770__1__0___0 0.419 729 77 721 73 730 56 738 60 small-vehicle
P0770__1__0___0 0.428 17 630 8 626 18 603 27 607 small-vehicle
P0770__1__0___0 0.437 799 116 791 112 800 95 808 99 small-vehicle
P0770__1__0___0 0.439 785 106 776 102 784 83 793 87 small-vehicle
P0770__1__0___0 0.443 853 60 838 53 842 45 857 52 small-vehicle
P0770__1__0___0 0.446 686 94 678 90 687 73 695 77 small-vehicle
P0770__1__0___0 0.450 875 18 858 10 862 1 879 9 small-vehicle
P0770__1__0___0 0.451 183 196 175 193 184 173 192 176 small-vehicle
P0770__1__0___0 0.458 693 58 684 54 694 35 703 39 small-vehicle
P0770__1__0___0 0.462 870 25 853 17 857 8 874 16 small-vehicle
P0770__1__0___0 0.467 137 867 117 857 122 848 142 858 small-vehicle
P0770__1__0___0 0.469 589 211 581 208 590 188 598 191 small-vehicle
P0770__1__0___0 0.474 605 178 598 174 606 159 613 163 small-vehicle
P0770__1__0___0 0.474 695 99 687 96 696 78 704 81 small-vehicle
P0770__1__0___0 0.490 806 37 788 28 793 18 811 27 small-vehicle
P0770__1__0___0 0.491 704 951 598 899 649 796 755 848 baseball-diamond
P0770__1__0___0 0.494 795 54 780 47 784 39 799 46 small-vehicle
P0770__1__0___0 0.496 266 924 245 914 249 905 270 915 small-vehicle
P0770__1__0___0 0.500 778 46 761 38 765 29 782 37 small-vehicle
P0770__1__0___0 0.500 701 64 693 60 702 43 710 47 small-vehicle
P0770__1__0___0 0.501 739 124 731 120 740 101 748 105 small-vehicle
P0770__1__0___0 0.502 313 904 293 897 296 887 316 894 small-vehicle
P0770__1__0___0 0.504 814 18 797 10 801 1 818 9 small-vehicle
P0770__1__0___0 0.507 723 112 715 108 724 91 732 95 small-vehicle
P0770__1__0___0 0.513 862 44 845 37 849 29 866 36 small-vehicle
P0770__1__0___0 0.519 895 41 887 37 894 20 902 24 small-vehicle
P0770__1__0___0 0.526 162 836 145 829 149 821 166 828 small-vehicle
P0770__1__0___0 0.528 561 267 553 263 562 244 570 248 small-vehicle
P0770__1__0___0 0.528 719 72 711 68 720 51 728 55 small-vehicle
P0770__1__0___0 0.530 281 686 238 668 246 649 289 667 swimming-pool
P0770__1__0___0 0.536 866 34 849 27 853 19 870 26 small-vehicle
P0770__1__0___0 0.539 800 46 783 38 787 29 804 37 small-vehicle
P0770__1__0___0 0.548 786 28 769 19 773 11 790 20 small-vehicle
P0770__1__0___0 0.549 873 83 865 79 874 60 882 64 small-vehicle
P0770__1__0___0 0.552 579 229 572 226 580 210 587 213 small-vehicle
P0770__1__0___0 0.553 753 121 744 117 752 100 761 104 small-vehicle
P0770__1__0___0 0.553 16 811 -2 801 1 792 20 802 small-vehicle
P0770__1__0___0 0.554 709 69 701 65 710 48 718 52 small-vehicle
P0770__1__0___0 0.556 548 292 539 287 549 267 558 272 small-vehicle
P0770__1__0___0 0.559 118 816 98 807 103 797 123 806 small-vehicle
P0770__1__0___0 0.563 524 900 387 827 459 691 596 764 baseball-diamond
P0770__1__0___0 0.565 792 64 775 56 779 47 796 55 small-vehicle
P0770__1__0___0 0.566 737 83 729 79 738 62 746 66 small-vehicle
P0770__1__0___0 0.567 704 106 695 102 705 81 714 85 small-vehicle
P0770__1__0___0 0.568 303 533 281 531 284 488 306 490 swimming-pool
P0770__1__0___0 0.571 94 846 75 838 79 829 98 837 small-vehicle
P0770__1__0___0 0.572 676 91 667 86 675 68 684 73 small-vehicle
P0770__1__0___0 0.578 192 453 182 449 189 428 199 432 small-vehicle
P0770__1__0___0 0.584 200 895 180 885 185 876 205 886 small-vehicle
P0770__1__0___0 0.584 738 17 718 6 723 -3 743 7 small-vehicle
P0770__1__0___0 0.598 765 98 756 94 766 75 775 79 small-vehicle
P0770__1__0___0 0.600 244 723 202 704 211 684 253 703 swimming-pool
P0770__1__0___0 0.603 311 649 229 612 246 574 328 611 tennis-court
P0770__1__0___0 0.604 684 55 674 50 683 30 693 35 small-vehicle
P0770__1__0___0 0.609 496 248 456 230 493 147 533 165 tennis-court
P0770__1__0___0 0.610 344 407 326 399 343 358 361 366 swimming-pool
P0770__1__0___0 0.616 782 37 765 28 769 20 786 29 small-vehicle
P0770__1__0___0 0.621 847 71 831 63 836 54 852 62 small-vehicle
P0770__1__0___0 0.625 715 108 707 104 716 85 724 89 small-vehicle
P0770__1__0___0 0.625 352 590 311 573 347 489 388 506 tennis-court
P0770__1__0___0 0.626 731 117 723 113 732 96 740 100 small-vehicle
P0770__1__0___0 0.630 693 289 654 270 694 188 733 207 tennis-court
P0770__1__0___0 0.637 71 836 54 829 58 821 75 828 small-vehicle
P0770__1__0___0 0.641 710 562 568 492 639 347 781 417 baseball-diamond
P0770__1__0___0 0.650 937 411 897 391 938 308 978 328 tennis-court
P0770__1__0___0 0.651 878 380 837 361 877 277 918 296 tennis-court
P0770__1__0___0 0.656 755 95 746 90 754 72 763 77 small-vehicle
P0770__1__0___0 0.660 113 855 95 846 98 838 116 847 small-vehicle
P0770__1__0___0 0.661 998 440 959 421 999 339 1038 358 tennis-court
P0770__1__0___0 0.664 816 350 776 330 817 247 857 267 tennis-court
P0770__1__0___0 0.666 137 824 120 815 124 807 141 816 small-vehicle
P0770__1__0___0 0.667 755 320 715 299 756 217 796 238 tennis-court
P0770__1__0___0 0.668 790 19 773 11 777 2 794 10 small-vehicle
P0770__1__0___0 0.673 360 925 339 917 343 908 364 916 small-vehicle
P0770__1__0___0 0.699 68 464 58 460 65 439 75 443 small-vehicle
P0770__1__0___334 0.252 427 846 411 832 418 825 434 839 small-vehicle
P0770__1__0___334 0.254 76 521 62 514 65 506 79 513 small-vehicle
P0770__1__0___334 0.267 319 949 308 946 316 922 327 925 small-vehicle
P0770__1__0___334 0.288 966 984 957 981 965 963 974 966 small-vehicle
P0770__1__0___334 0.320 1054 222 970 185 987 145 1071 182 tennis-court
P0770__1__0___334 0.333 225 448 208 437 214 429 231 440 small-vehicle
P0770__1__0___334 0.335 536 673 513 662 517 652 540 663 large-vehicle
P0770__1__0___334 0.381 241 120 226 113 230 107 245 114 small-vehicle
P0770__1__0___334 0.381 979 985 972 982 980 966 987 969 small-vehicle
P0770__1__0___334 0.385 293 602 271 591 276 581 298 592 small-vehicle
P0770__1__0___334 0.397 383 1030 362 1022 366 1013 387 1021 small-vehicle
P0770__1__0___334 0.402 525 763 523 741 534 740 536 762 small-vehicle
P0770__1__0___334 0.415 18 296 9 292 19 269 28 273 small-vehicle
P0770__1__0___334 0.430 360 908 352 905 359 887 367 890 small-vehicle
P0770__1__0___334 0.443 138 533 117 523 121 514 142 524 small-vehicle
P0770__1__0___334 0.466 990 992 982 989 989 971 997 974 small-vehicle
P0770__1__0___334 0.473 51 954 13 943 18 925 56 936 swimming-pool
P0770__1__0___334 0.483 704 617 599 565 649 462 754 514 baseball-diamond
P0770__1__0___334 0.486 119 482 98 472 102 463 123 473 small-vehicle
P0770__1__0___334 0.511 265 590 245 580 250 571 270 581 small-vehicle
P0770__1__0___334 0.515 280 353 237 335 245 314 288 332 swimming-pool
P0770__1__0___334 0.521 616 819 606 818 609 796 619 797 small-vehicle
P0770__1__0___334 0.539 523 565 386 492 458 358 595 431 baseball-diamond
P0770__1__0___334 0.564 225 716 208 709 222 675 239 682 swimming-pool
P0770__1__0___334 0.576 94 512 75 502 79 493 98 503 small-vehicle
P0770__1__0___334 0.576 201 562 182 552 186 543 205 553 small-vehicle
P0770__1__0___334 0.581 303 199 280 197 284 154 307 156 swimming-pool
P0770__1__0___334 0.592 345 73 326 65 344 24 363 32 swimming-pool
P0770__1__0___334 0.594 312 315 229 278 245 240 328 277 tennis-court
P0770__1__0___334 0.594 161 501 144 494 148 486 165 493 small-vehicle
P0770__1__0___334 0.597 352 256 311 239 347 155 388 172 tennis-court
P0770__1__0___334 0.599 244 387 201 369 209 350 252 368 swimming-pool
P0770__1__0___334 0.600 16 476 -3 466 1 457 21 467 small-vehicle
P0770__1__0___334 0.616 937 76 897 56 940 -26 980 -6 tennis-court
P0770__1__0___334 0.620 130 947 110 940 123 904 143 911 swimming-pool
P0770__1__0___334 0.620 191 119 181 116 188 96 198 99 small-vehicle
P0770__1__0___334 0.636 360 590 339 582 343 573 364 581 small-vehicle
P0770__1__0___334 0.645 112 521 94 511 99 502 117 512 small-vehicle
P0770__1__0___334 0.646 312 570 293 563 297 553 316 560 small-vehicle
P0770__1__0___334 0.648 72 501 54 494 57 486 75 493 small-vehicle
P0770__1__0___334 0.650 999 107 959 87 1000 4 1040 24 tennis-court
P0770__1__0___334 0.656 137 490 120 481 124 473 141 482 small-vehicle
P0770__1__0___334 0.666 715 225 571 160 636 14 780 79 baseball-diamond
P0770__1__0___334 0.678 878 47 837 28 877 -57 918 -38 tennis-court
P0770__1__0___334 0.685 775 967 767 963 776 944 784 948 small-vehicle
P0770__1__0___334 0.716 67 129 58 125 66 104 75 108 small-vehicle
P0770__1__586___0 0.261 90 51 81 46 89 28 98 33 small-vehicle
P0770__1__586___0 0.270 1009 1012 1002 1009 1010 991 1017 994 small-vehicle
P0770__1__586___0 0.287 159 87 151 83 158 68 166 72 small-vehicle
P0770__1__586___0 0.288 1021 989 1012 985 1020 968 1029 972 small-vehicle
P0770__1__586___0 0.301 984 736 966 726 971 717 989 727 small-vehicle
P0770__1__586___0 0.324 208 7 190 0 195 -9 213 -1 small-vehicle
P0770__1__586___0 0.364 287 82 280 79 288 61 295 64 small-vehicle
P0770__1__586___0 0.367 3 211 -5 206 4 186 13 191 small-vehicle
P0770__1__586___0 0.384 176 128 168 124 175 107 183 111 small-vehicle
P0770__1__586___0 0.385 996 716 979 708 983 699 1000 707 small-vehicle
P0770__1__586___0 0.386 128 11 119 7 127 -9 136 -5 small-vehicle
P0770__1__586___0 0.404 1005 698 989 689 994 681 1010 690 small-vehicle
P0770__1__586___0 0.412 998 706 981 698 985 689 1002 697 small-vehicle
P0770__1__586___0 0.418 222 27 205 19 209 10 226 18 small-vehicle
P0770__1__586___0 0.431 457 534 406 507 452 421 503 448 basketball-court
P0770__1__586___0 0.439 939 518 930 513 938 495 947 500 small-vehicle
P0770__1__586___0 0.442 233 10 215 0 220 -8 238 1 small-vehicle
P0770__1__586___0 0.442 210 54 195 47 199 39 214 46 small-vehicle
P0770__1__586___0 0.442 271 51 257 45 260 38 274 44 small-vehicle
P0770__1__586___0 0.443 284 26 267 18 271 9 288 17 small-vehicle
P0770__1__586___0 0.457 18 179 10 174 19 158 27 163 small-vehicle
P0770__1__586___0 0.460 143 78 135 75 144 57 152 60 small-vehicle
P0770__1__586___0 0.460 150 83 142 79 151 62 159 66 small-vehicle
P0770__1__586___0 0.464 975 535 967 531 976 512 984 516 small-vehicle
P0770__1__586___0 0.465 268 60 253 53 257 45 272 52 small-vehicle
P0770__1__586___0 0.465 276 44 260 37 263 29 279 36 small-vehicle
P0770__1__586___0 0.470 881 540 873 536 882 517 890 521 small-vehicle
P0770__1__586___0 0.470 167 121 159 117 168 100 176 104 small-vehicle
P0770__1__586___0 0.472 228 18 211 10 215 1 232 9 small-vehicle
P0770__1__586___0 0.478 27 162 18 157 28 141 37 146 small-vehicle
P0770__1__586___0 0.490 152 17 132 6 137 -3 157 7 small-vehicle
P0770__1__586___0 0.492 198 105 190 101 197 84 205 88 small-vehicle
P0770__1__586___0 0.495 108 58 99 53 107 35 116 40 small-vehicle
P0770__1__586___0 0.495 118 106 109 102 119 81 128 85 small-vehicle
P0770__1__586___0 0.496 213 116 205 112 214 95 222 99 small-vehicle
P0770__1__586___0 0.499 947 522 939 519 948 501 956 504 small-vehicle
P0770__1__586___0 0.504 909 554 900 550 910 531 919 535 small-vehicle
P0770__1__586___0 0.510 115 63 107 59 116 42 124 46 small-vehicle
P0770__1__586___0 0.515 204 65 188 57 193 48 209 56 small-vehicle
P0770__1__586___0 0.520 120 951 13 898 63 796 170 849 baseball-diamond
P0770__1__586___0 0.522 90 91 81 86 89 68 98 73 small-vehicle
P0770__1__586___0 0.524 98 55 88 50 97 30 107 35 small-vehicle
P0770__1__586___0 0.524 154 124 146 120 155 101 163 105 small-vehicle
P0770__1__586___0 0.526 289 18 272 10 276 1 293 9 small-vehicle
P0770__1__586___0 0.528 261 71 245 62 250 54 266 63 small-vehicle
P0770__1__586___0 0.530 128 108 119 104 129 85 138 89 small-vehicle
P0770__1__586___0 0.530 308 40 299 37 307 19 316 22 small-vehicle
P0770__1__586___0 0.537 220 37 202 28 207 18 225 27 small-vehicle
P0770__1__586___0 0.553 100 94 92 90 101 73 109 77 small-vehicle
P0770__1__586___0 0.554 191 46 175 37 180 29 196 38 small-vehicle
P0770__1__586___0 0.555 965 529 957 526 966 508 974 511 small-vehicle
P0770__1__586___0 0.566 280 34 263 27 267 19 284 26 small-vehicle
P0770__1__586___0 0.566 137 112 129 108 138 91 146 95 small-vehicle
P0770__1__586___0 0.574 200 28 183 20 187 11 204 19 small-vehicle
P0770__1__586___0 0.584 145 116 137 112 146 95 154 99 small-vehicle
P0770__1__586___0 0.588 133 73 125 70 134 52 142 55 small-vehicle
P0770__1__586___0 0.591 196 37 179 28 183 20 200 29 small-vehicle
P0770__1__586___0 0.591 168 94 159 91 167 73 176 76 small-vehicle
P0770__1__586___0 0.601 898 550 889 545 899 525 908 530 small-vehicle
P0770__1__586___0 0.604 214 46 197 38 201 29 218 37 small-vehicle
P0770__1__586___0 0.607 989 726 973 718 978 709 994 717 small-vehicle
P0770__1__586___0 0.611 204 19 186 11 191 2 209 10 small-vehicle
P0770__1__586___0 0.620 108 289 69 270 109 188 148 207 tennis-court
P0770__1__586___0 0.620 109 99 101 95 110 78 118 82 small-vehicle
P0770__1__586___0 0.621 956 525 948 522 957 504 965 507 small-vehicle
P0770__1__586___0 0.625 124 69 116 65 125 48 133 52 small-vehicle
P0770__1__586___0 0.625 917 559 908 555 918 536 927 540 small-vehicle
P0770__1__586___0 0.626 178 98 170 94 179 77 187 81 small-vehicle
P0770__1__586___0 0.641 168 320 128 300 169 217 209 237 tennis-court
P0770__1__586___0 0.643 126 559 -15 493 51 350 193 416 baseball-diamond
P0770__1__586___0 0.646 985 538 977 535 986 517 994 520 small-vehicle
P0770__1__586___0 0.652 632 790 520 733 559 657 671 714 swimming-pool
P0770__1__586___0 0.657 291 379 252 360 292 278 331 297 tennis-court
P0770__1__586___0 0.658 413 439 374 420 414 338 453 357 tennis-court
P0770__1__586___0 0.660 352 411 312 391 353 308 393 328 tennis-court
P0770__1__586___0 0.677 890 546 881 541 891 521 900 526 small-vehicle
P0770__1__586___0 0.679 935 568 926 563 936 545 945 550 small-vehicle
P0770__1__586___0 0.680 230 349 191 330 231 248 270 267 tennis-court
P0770__1__586___0 0.689 963 582 954 577 964 557 973 562 small-vehicle
P0770__1__586___0 0.745 1004 550 994 545 1003 525 1013 530 small-vehicle
P0770__1__586___334 0.263 985 401 968 393 972 384 989 392 small-vehicle
P0770__1__586___334 0.269 392 983 385 979 393 964 400 968 small-vehicle
P0770__1__586___334 0.332 643 1030 619 1018 624 1007 648 1019 small-vehicle
P0770__1__586___334 0.339 995 381 980 374 984 366 999 373 small-vehicle
P0770__1__586___334 0.356 456 201 405 173 453 86 504 114 basketball-court
P0770__1__586___334 0.391 881 206 873 202 882 183 890 187 small-vehicle
P0770__1__586___334 0.411 492 918 475 911 479 903 496 910 small-vehicle
P0770__1__586___334 0.442 526 931 509 925 513 916 530 922 small-vehicle
P0770__1__586___334 0.450 999 373 982 365 986 356 1003 364 small-vehicle
P0770__1__586___334 0.455 1005 364 989 356 994 347 1010 355 small-vehicle
P0770__1__586___334 0.460 991 714 982 710 990 693 999 697 small-vehicle
P0770__1__586___334 0.465 975 200 967 197 976 179 984 182 small-vehicle
P0770__1__586___334 0.480 938 183 930 180 939 162 947 165 small-vehicle
P0770__1__586___334 0.482 967 754 959 750 968 733 976 737 small-vehicle
P0770__1__586___334 0.485 990 391 973 383 977 374 994 382 small-vehicle
P0770__1__586___334 0.485 860 917 853 913 863 898 870 902 small-vehicle
P0770__1__586___334 0.495 850 932 842 928 853 911 861 915 small-vehicle
P0770__1__586___334 0.498 908 219 900 215 909 196 917 200 small-vehicle
P0770__1__586___334 0.498 956 190 948 187 957 169 965 172 small-vehicle
P0770__1__586___334 0.508 119 614 14 562 64 461 169 513 baseball-diamond
P0770__1__586___334 0.508 404 992 396 989 403 971 411 974 small-vehicle
P0770__1__586___334 0.524 1021 656 1012 651 1020 633 1029 638 small-vehicle
P0770__1__586___334 0.532 1012 678 1002 674 1011 653 1021 657 small-vehicle
P0770__1__586___334 0.542 948 187 939 184 947 166 956 169 small-vehicle
P0770__1__586___334 0.551 475 951 458 942 462 934 479 943 small-vehicle
P0770__1__586___334 0.556 533 1014 516 1005 520 997 537 1006 small-vehicle
P0770__1__586___334 0.558 474 909 457 902 461 894 478 901 small-vehicle
P0770__1__586___334 0.562 999 697 990 692 1000 674 1009 679 small-vehicle
P0770__1__586___334 0.568 887 882 878 877 890 859 899 864 small-vehicle
P0770__1__586___334 0.573 576 956 559 949 563 941 580 948 small-vehicle
P0770__1__586___334 0.578 915 839 907 834 918 814 926 819 small-vehicle
P0770__1__586___334 0.589 31 819 21 818 24 796 34 797 small-vehicle
P0770__1__586___334 0.599 631 454 520 397 558 323 669 380 swimming-pool
P0770__1__586___334 0.600 979 736 971 732 980 715 988 719 small-vehicle
P0770__1__586___334 0.602 899 216 890 211 900 191 909 196 small-vehicle
P0770__1__586___334 0.602 960 960 942 949 947 941 965 952 small-vehicle
P0770__1__586___334 0.605 954 777 946 773 955 756 963 760 small-vehicle
P0770__1__586___334 0.605 966 195 958 192 967 174 975 177 small-vehicle
P0770__1__586___334 0.608 963 248 954 243 964 223 973 228 small-vehicle
P0770__1__586___334 0.612 946 965 928 954 933 946 951 957 small-vehicle
P0770__1__586___334 0.612 917 225 908 221 918 202 927 206 small-vehicle
P0770__1__586___334 0.617 986 204 978 201 987 183 995 186 small-vehicle
P0770__1__586___334 0.626 936 234 927 229 937 211 946 216 small-vehicle
P0770__1__586___334 0.630 939 801 931 796 942 778 950 783 small-vehicle
P0770__1__586___334 0.635 351 75 312 56 352 -25 391 -6 tennis-court
P0770__1__586___334 0.647 890 210 882 206 891 187 899 191 small-vehicle
P0770__1__586___334 0.665 413 105 374 86 414 4 453 23 tennis-court
P0770__1__586___334 0.668 131 222 -13 160 48 15 193 77 baseball-diamond
P0770__1__586___334 0.670 549 942 528 934 532 925 553 933 small-vehicle
P0770__1__586___334 0.675 291 46 250 26 292 -58 333 -38 tennis-court
P0770__1__586___334 0.682 834 953 826 947 839 930 847 936 small-vehicle
P0770__1__586___334 0.688 901 862 892 857 904 837 913 842 small-vehicle
P0770__1__586___334 0.701 189 968 181 964 190 945 198 949 small-vehicle
P0770__1__586___334 0.709 928 818 920 814 931 797 939 801 small-vehicle
P0770__1__586___334 0.711 1003 216 994 211 1004 191 1013 196 small-vehicle
