P1088__1__0___0 0.287 134 844 98 843 99 827 135 828 small-vehicle
P1088__1__0___0 0.350 63 733 45 733 46 690 64 690 small-vehicle
P1088__1__0___0 0.358 177 856 158 839 166 829 185 846 small-vehicle
P1088__1__0___0 0.377 232 323 189 318 191 298 234 303 small-vehicle
P1088__1__0___0 0.397 216 566 193 565 193 553 216 554 small-vehicle
P1088__1__0___0 0.561 262 410 181 408 181 385 262 387 large-vehicle
P1088__1__0___0 0.619 242 685 192 684 193 666 243 667 small-vehicle
P1088__1__0___0 0.634 227 755 190 754 190 738 227 739 small-vehicle
P1088__1__0___0 0.647 632 542 628 483 711 477 715 536 plane
P1088__1__0___0 0.669 197 456 197 435 268 433 268 454 large-vehicle
P1088__1__0___0 0.677 322 538 319 480 409 475 412 533 plane
P1088__1__0___0 0.682 82 753 66 752 67 718 83 719 small-vehicle
P1088__1__0___0 0.685 1032 548 944 544 947 487 1035 491 plane
P1088__1__0___0 0.688 1015 280 939 275 942 223 1018 228 plane
P1088__1__0___0 0.693 815 549 726 541 732 472 821 480 plane
P1088__1__0___0 0.701 618 545 528 544 529 486 619 487 plane
P1088__1__0___0 0.704 538 272 537 220 617 219 618 271 plane
P1088__1__0___0 0.710 240 271 238 215 321 212 323 268 plane
P1088__1__0___0 0.713 497 902 411 898 416 805 502 809 plane
P1088__1__0___0 0.714 921 279 838 279 838 220 921 220 plane
P1088__1__0___0 0.719 387 915 257 911 262 792 392 796 plane
P1088__1__0___0 0.722 506 544 426 537 431 475 511 482 plane
P1088__1__0___0 0.731 538 912 536 788 669 785 671 909 plane
P1088__1__0___0 0.733 229 591 192 590 192 574 229 575 small-vehicle
P1088__1__0___0 0.744 919 551 837 546 840 486 922 491 plane
P1088__1__0___0 0.756 354 266 351 223 409 219 412 262 plane
P1088__1__0___0 0.760 229 612 192 612 192 597 229 597 small-vehicle
P1088__1__0___0 0.760 139 767 123 767 124 732 140 732 small-vehicle
P1088__1__0___0 0.762 115 771 100 771 100 738 115 738 small-vehicle
P1088__1__0___0 0.764 809 281 738 278 742 220 813 223 plane
P1088__1__0___824 0.352 901 1020 896 758 1130 755 1135 1017 plane
P1088__1__0___824 0.419 206 313 191 312 191 278 206 279 small-vehicle
P1088__1__0___824 0.673 497 77 411 73 416 -17 502 -13 plane
P1088__1__0___824 0.688 537 84 535 -38 670 -40 672 82 plane
P1088__1__0___824 0.698 385 93 255 86 262 -49 392 -42 plane
P1088__1__0___824 0.710 624 1004 463 998 469 845 630 851 plane
P1088__1__0___824 0.741 581 462 579 344 688 343 690 461 plane
P1088__1__0___824 0.751 760 483 753 355 877 348 884 476 plane
P1088__1__0___879 0.420 655 58 547 52 554 -74 662 -68 plane
P1088__1__0___879 0.421 904 961 900 710 1125 706 1129 957 plane
P1088__1__0___879 0.449 191 258 190 224 206 223 207 257 small-vehicle
P1088__1__0___879 0.499 263 53 258 -81 382 -85 387 49 plane
P1088__1__0___879 0.604 500 48 403 45 407 -64 504 -61 plane
P1088__1__0___879 0.701 619 951 466 945 472 786 625 792 plane
P1088__1__0___879 0.721 688 407 578 407 579 288 689 288 plane
P1088__1__0___879 0.745 759 429 753 299 876 292 882 422 plane
P1088__1__575___0 0.651 57 541 54 482 136 478 139 537 plane
P1088__1__575___0 0.694 459 546 369 545 370 489 460 490 plane
P1088__1__575___0 0.707 239 549 150 541 156 472 245 480 plane
P1088__1__575___0 0.707 92 910 -37 909 -36 787 93 788 plane
P1088__1__575___0 0.714 346 280 263 279 263 219 346 220 plane
P1088__1__575___0 0.718 440 278 364 274 367 223 443 227 plane
P1088__1__575___0 0.724 544 286 460 280 465 221 549 227 plane
P1088__1__575___0 0.727 40 546 -40 543 -38 485 42 488 plane
P1088__1__575___0 0.730 41 274 -35 271 -33 217 43 220 plane
P1088__1__575___0 0.733 606 106 605 24 665 23 666 105 plane
P1088__1__575___0 0.749 343 552 261 546 266 485 348 491 plane
P1088__1__575___0 0.762 235 281 165 277 168 220 238 224 plane
P1088__1__575___824 0.512 81 1033 -117 1029 -113 802 85 806 plane
P1088__1__575___824 0.607 -37 84 -39 -38 93 -40 95 82 plane
P1088__1__575___824 0.734 585 980 408 977 412 787 589 790 plane
P1088__1__575___824 0.748 113 462 3 461 4 343 114 344 plane
P1088__1__575___824 0.750 185 483 178 355 302 348 309 476 plane
P1088__1__575___879 0.438 76 43 -21 40 -16 -75 81 -72 plane
P1088__1__575___879 0.479 82 974 -119 971 -114 745 87 748 plane
P1088__1__575___879 0.729 113 407 3 407 4 288 114 288 plane
P1088__1__575___879 0.742 585 926 408 923 412 733 589 736 plane
P1088__1__575___879 0.744 186 430 177 300 299 291 308 421 plane
