P1478__1__853___962__1__0___0 0.253 401 109 385 109 386 70 402 70 small-vehicle
P1478__1__853___962__1__0___0 0.272 594 841 590 741 609 740 613 840 large-vehicle
P1478__1__853___962__1__0___0 0.281 1022 664 947 664 947 643 1022 643 large-vehicle
P1478__1__853___962__1__0___0 0.286 817 494 804 494 804 469 817 469 small-vehicle
P1478__1__853___962__1__0___0 0.302 768 619 767 587 781 586 782 618 small-vehicle
P1478__1__853___962__1__0___0 0.305 645 840 641 744 660 743 664 839 large-vehicle
P1478__1__853___962__1__0___0 0.315 1022 637 955 637 955 616 1022 616 large-vehicle
P1478__1__853___962__1__0___0 0.338 949 741 948 719 1022 718 1023 740 large-vehicle
P1478__1__853___962__1__0___0 0.345 155 731 136 730 138 632 157 633 large-vehicle
P1478__1__853___962__1__0___0 0.350 55 841 35 841 36 738 56 738 large-vehicle
P1478__1__853___962__1__0___0 0.352 1022 613 957 611 957 590 1022 592 large-vehicle
P1478__1__853___962__1__0___0 0.360 477 728 458 728 462 631 481 631 large-vehicle
P1478__1__853___962__1__0___0 0.384 62 839 60 739 79 738 81 838 large-vehicle
P1478__1__853___962__1__0___0 0.401 685 734 665 734 666 637 686 637 large-vehicle
P1478__1__853___962__1__0___0 0.402 456 408 442 407 443 373 457 374 small-vehicle
P1478__1__853___962__1__0___0 0.409 699 419 697 385 712 384 714 418 small-vehicle
P1478__1__853___962__1__0___0 0.411 254 728 234 727 237 631 257 632 large-vehicle
P1478__1__853___962__1__0___0 0.430 1020 437 953 436 953 416 1020 417 large-vehicle
P1478__1__853___962__1__0___0 0.435 609 734 588 733 590 633 611 634 large-vehicle
P1478__1__853___962__1__0___0 0.443 636 438 619 438 619 399 636 399 small-vehicle
P1478__1__853___962__1__0___0 0.445 574 620 573 584 589 583 590 619 small-vehicle
P1478__1__853___962__1__0___0 0.448 421 436 420 408 434 407 435 435 small-vehicle
P1478__1__853___962__1__0___0 0.460 179 857 157 857 160 742 182 742 large-vehicle
P1478__1__853___962__1__0___0 0.465 246 26 230 25 231 -6 247 -5 small-vehicle
P1478__1__853___962__1__0___0 0.467 228 731 209 731 211 632 230 632 large-vehicle
P1478__1__853___962__1__0___0 0.468 386 731 383 635 403 634 406 730 large-vehicle
P1478__1__853___962__1__0___0 0.474 203 735 184 734 188 636 207 637 large-vehicle
P1478__1__853___962__1__0___0 0.476 815 410 801 410 802 381 816 381 small-vehicle
P1478__1__853___962__1__0___0 0.481 278 557 264 557 265 530 279 530 small-vehicle
P1478__1__853___962__1__0___0 0.482 129 731 110 730 112 634 131 635 large-vehicle
P1478__1__853___962__1__0___0 0.484 426 730 407 729 409 633 428 634 large-vehicle
P1478__1__853___962__1__0___0 0.485 105 732 84 731 84 637 105 638 large-vehicle
P1478__1__853___962__1__0___0 0.492 815 617 801 616 802 588 816 589 small-vehicle
P1478__1__853___962__1__0___0 0.495 179 729 160 729 162 632 181 632 large-vehicle
P1478__1__853___962__1__0___0 0.500 748 425 748 396 761 396 761 425 small-vehicle
P1478__1__853___962__1__0___0 0.501 169 103 154 102 154 72 169 73 small-vehicle
P1478__1__853___962__1__0___0 0.502 513 622 512 592 526 591 527 621 small-vehicle
P1478__1__853___962__1__0___0 0.503 29 841 9 841 10 738 30 738 large-vehicle
P1478__1__853___962__1__0___0 0.503 478 355 478 320 493 320 493 355 small-vehicle
P1478__1__853___962__1__0___0 0.504 461 618 446 618 446 589 461 589 small-vehicle
P1478__1__853___962__1__0___0 0.510 397 623 397 595 410 594 410 622 small-vehicle
P1478__1__853___962__1__0___0 0.514 679 386 678 348 694 347 695 385 small-vehicle
P1478__1__853___962__1__0___0 0.516 682 493 681 460 697 460 698 493 small-vehicle
P1478__1__853___962__1__0___0 0.519 609 620 593 619 594 583 610 584 small-vehicle
P1478__1__853___962__1__0___0 0.520 79 731 60 730 62 636 81 637 large-vehicle
P1478__1__853___962__1__0___0 0.522 494 304 480 304 481 273 495 273 small-vehicle
P1478__1__853___962__1__0___0 0.522 634 488 618 488 619 451 635 451 small-vehicle
P1478__1__853___962__1__0___0 0.525 661 734 643 733 644 637 662 638 large-vehicle
P1478__1__853___962__1__0___0 0.532 715 331 715 296 732 296 732 331 small-vehicle
P1478__1__853___962__1__0___0 0.541 29 733 8 733 10 638 31 638 large-vehicle
P1478__1__853___962__1__0___0 0.545 711 180 695 179 696 141 712 142 small-vehicle
P1478__1__853___962__1__0___0 0.551 697 528 681 528 682 495 698 495 small-vehicle
P1478__1__853___962__1__0___0 0.551 675 618 674 581 690 581 691 618 small-vehicle
P1478__1__853___962__1__0___0 0.553 186 108 171 107 171 75 186 76 small-vehicle
P1478__1__853___962__1__0___0 0.555 723 620 722 582 738 581 739 619 small-vehicle
P1478__1__853___962__1__0___0 0.558 599 179 583 179 584 142 600 142 small-vehicle
P1478__1__853___962__1__0___0 0.559 749 520 748 492 762 491 763 519 small-vehicle
P1478__1__853___962__1__0___0 0.563 793 37 793 2 810 2 810 37 small-vehicle
P1478__1__853___962__1__0___0 0.563 742 617 742 585 757 584 757 616 small-vehicle
P1478__1__853___962__1__0___0 0.565 206 439 192 438 193 408 207 409 small-vehicle
P1478__1__853___962__1__0___0 0.567 696 313 695 280 711 280 712 313 small-vehicle
P1478__1__853___962__1__0___0 0.568 802 451 800 421 815 420 817 450 small-vehicle
P1478__1__853___962__1__0___0 0.571 1021 413 951 412 952 390 1022 391 large-vehicle
P1478__1__853___962__1__0___0 0.574 762 489 748 488 749 460 763 461 small-vehicle
P1478__1__853___962__1__0___0 0.575 532 617 532 590 545 590 545 617 small-vehicle
P1478__1__853___962__1__0___0 0.576 894 701 887 575 913 574 920 700 large-vehicle
P1478__1__853___962__1__0___0 0.576 473 175 471 143 486 142 488 174 small-vehicle
P1478__1__853___962__1__0___0 0.577 809 219 793 218 794 184 810 185 small-vehicle
P1478__1__853___962__1__0___0 0.578 317 544 301 544 302 507 318 507 small-vehicle
P1478__1__853___962__1__0___0 0.578 302 394 301 358 317 357 318 393 small-vehicle
P1478__1__853___962__1__0___0 0.583 55 732 35 731 36 635 56 636 large-vehicle
P1478__1__853___962__1__0___0 0.589 697 384 695 350 710 349 712 383 small-vehicle
P1478__1__853___962__1__0___0 0.589 815 538 801 537 802 507 816 508 small-vehicle
P1478__1__853___962__1__0___0 0.590 401 483 400 453 412 452 413 482 small-vehicle
P1478__1__853___962__1__0___0 0.591 745 358 744 324 760 323 761 357 small-vehicle
P1478__1__853___962__1__0___0 0.591 696 458 681 458 681 425 696 425 small-vehicle
P1478__1__853___962__1__0___0 0.593 730 438 715 437 715 405 730 406 small-vehicle
P1478__1__853___962__1__0___0 0.595 747 393 745 359 760 358 762 392 small-vehicle
P1478__1__853___962__1__0___0 0.596 699 457 697 425 712 424 714 456 small-vehicle
P1478__1__853___962__1__0___0 0.599 715 524 700 524 700 495 715 495 small-vehicle
P1478__1__853___962__1__0___0 0.600 717 465 716 436 730 436 731 465 small-vehicle
P1478__1__853___962__1__0___0 0.602 543 178 527 178 528 141 544 141 small-vehicle
P1478__1__853___962__1__0___0 0.603 681 422 679 388 694 387 696 421 small-vehicle
P1478__1__853___962__1__0___0 0.605 223 105 207 105 208 72 224 72 small-vehicle
P1478__1__853___962__1__0___0 0.607 546 28 546 -6 563 -6 563 28 small-vehicle
P1478__1__853___962__1__0___0 0.607 751 215 736 214 736 184 751 185 small-vehicle
P1478__1__853___962__1__0___0 0.609 206 513 192 512 193 478 207 479 small-vehicle
P1478__1__853___962__1__0___0 0.610 373 615 356 615 356 578 373 578 small-vehicle
P1478__1__853___962__1__0___0 0.612 600 32 583 32 583 -4 600 -4 small-vehicle
P1478__1__853___962__1__0___0 0.615 617 621 615 583 632 582 634 620 small-vehicle
P1478__1__853___962__1__0___0 0.616 654 181 637 180 637 140 654 141 small-vehicle
P1478__1__853___962__1__0___0 0.616 767 178 751 177 752 139 768 140 small-vehicle
P1478__1__853___962__1__0___0 0.617 905 125 889 125 890 88 906 88 small-vehicle
P1478__1__853___962__1__0___0 0.617 687 69 671 68 672 38 688 39 small-vehicle
P1478__1__853___962__1__0___0 0.619 697 347 695 314 710 314 712 347 small-vehicle
P1478__1__853___962__1__0___0 0.619 744 108 728 108 729 71 745 71 small-vehicle
P1478__1__853___962__1__0___0 0.624 544 32 527 32 527 -4 544 -4 small-vehicle
P1478__1__853___962__1__0___0 0.628 488 33 471 32 471 -5 488 -4 small-vehicle
P1478__1__853___962__1__0___0 0.629 567 619 553 618 554 586 568 587 small-vehicle
P1478__1__853___962__1__0___0 0.629 749 459 748 428 762 428 763 459 small-vehicle
P1478__1__853___962__1__0___0 0.634 750 180 733 179 733 139 750 140 small-vehicle
P1478__1__853___962__1__0___0 0.636 637 617 637 588 652 588 652 617 small-vehicle
P1478__1__853___962__1__0___0 0.638 507 620 495 619 496 593 508 594 small-vehicle
P1478__1__853___962__1__0___0 0.640 730 523 717 523 717 496 730 496 small-vehicle
P1478__1__853___962__1__0___0 0.641 259 66 243 65 244 35 260 36 small-vehicle
P1478__1__853___962__1__0___0 0.642 732 222 715 222 715 185 732 185 small-vehicle
P1478__1__853___962__1__0___0 0.642 191 32 174 32 174 -4 191 -4 small-vehicle
P1478__1__853___962__1__0___0 0.644 784 222 768 222 769 183 785 183 small-vehicle
P1478__1__853___962__1__0___0 0.644 41 33 41 15 80 14 80 32 small-vehicle
P1478__1__853___962__1__0___0 0.645 808 179 792 178 793 142 809 143 small-vehicle
P1478__1__853___962__1__0___0 0.647 280 586 266 585 267 557 281 558 small-vehicle
P1478__1__853___962__1__0___0 0.652 373 577 356 576 356 536 373 537 small-vehicle
P1478__1__853___962__1__0___0 0.653 714 367 714 333 729 332 729 366 small-vehicle
P1478__1__853___962__1__0___0 0.654 674 180 657 179 657 141 674 142 small-vehicle
P1478__1__853___962__1__0___0 0.656 633 111 615 110 616 70 634 71 small-vehicle
P1478__1__853___962__1__0___0 0.657 748 33 730 32 731 -7 749 -6 small-vehicle
P1478__1__853___962__1__0___0 0.657 247 217 231 216 232 184 248 185 small-vehicle
P1478__1__853___962__1__0___0 0.658 174 300 157 300 157 263 174 263 small-vehicle
P1478__1__853___962__1__0___0 0.658 412 620 411 591 425 591 426 620 small-vehicle
P1478__1__853___962__1__0___0 0.658 414 27 398 27 399 -5 415 -5 small-vehicle
P1478__1__853___962__1__0___0 0.659 716 403 714 368 729 368 731 403 small-vehicle
P1478__1__853___962__1__0___0 0.660 320 582 320 546 335 545 335 581 small-vehicle
P1478__1__853___962__1__0___0 0.661 656 616 655 586 669 585 670 615 small-vehicle
P1478__1__853___962__1__0___0 0.661 409 72 392 71 392 37 409 38 small-vehicle
P1478__1__853___962__1__0___0 0.662 476 620 462 620 463 591 477 591 small-vehicle
P1478__1__853___962__1__0___0 0.664 795 123 795 85 812 84 812 122 small-vehicle
P1478__1__853___962__1__0___0 0.664 322 28 305 27 305 -6 322 -5 small-vehicle
P1478__1__853___962__1__0___0 0.665 34 220 19 219 19 189 34 190 small-vehicle
P1478__1__853___962__1__0___0 0.668 562 181 545 181 545 142 562 142 small-vehicle
P1478__1__853___962__1__0___0 0.668 89 255 74 255 76 222 91 222 small-vehicle
P1478__1__853___962__1__0___0 0.669 394 291 379 290 379 262 394 263 small-vehicle
P1478__1__853___962__1__0___0 0.673 620 393 618 357 635 356 637 392 small-vehicle
P1478__1__853___962__1__0___0 0.674 428 71 411 71 411 32 428 32 small-vehicle
P1478__1__853___962__1__0___0 0.675 618 180 601 179 601 141 618 142 small-vehicle
P1478__1__853___962__1__0___0 0.675 169 67 153 67 154 34 170 34 small-vehicle
P1478__1__853___962__1__0___0 0.675 209 179 193 179 194 142 210 142 small-vehicle
P1478__1__853___962__1__0___0 0.676 432 30 415 30 415 -4 432 -4 small-vehicle
P1478__1__853___962__1__0___0 0.676 315 428 301 427 302 395 316 396 small-vehicle
P1478__1__853___962__1__0___0 0.678 810 84 794 84 795 49 811 49 small-vehicle
P1478__1__853___962__1__0___0 0.678 576 110 559 109 559 73 576 74 small-vehicle
P1478__1__853___962__1__0___0 0.679 16 218 0 218 1 183 17 183 small-vehicle
P1478__1__853___962__1__0___0 0.680 17 255 2 255 2 222 17 222 small-vehicle
P1478__1__853___962__1__0___0 0.680 304 30 287 29 287 -6 304 -5 small-vehicle
P1478__1__853___962__1__0___0 0.680 706 109 689 109 689 72 706 72 small-vehicle
P1478__1__853___962__1__0___0 0.681 558 107 541 107 541 72 558 72 small-vehicle
P1478__1__853___962__1__0___0 0.682 241 70 225 69 226 35 242 36 small-vehicle
P1478__1__853___962__1__0___0 0.682 431 180 414 180 414 141 431 141 small-vehicle
P1478__1__853___962__1__0___0 0.682 507 30 490 30 490 -4 507 -4 small-vehicle
P1478__1__853___962__1__0___0 0.683 394 31 377 30 379 -5 396 -4 small-vehicle
P1478__1__853___962__1__0___0 0.683 226 520 210 519 211 483 227 484 small-vehicle
P1478__1__853___962__1__0___0 0.686 279 107 263 107 264 72 280 72 small-vehicle
P1478__1__853___962__1__0___0 0.686 581 179 565 179 566 142 582 142 small-vehicle
P1478__1__853___962__1__0___0 0.687 354 109 337 109 337 72 354 72 small-vehicle
P1478__1__853___962__1__0___0 0.687 455 176 453 143 468 143 470 176 small-vehicle
P1478__1__853___962__1__0___0 0.688 767 35 750 35 750 -1 767 -1 small-vehicle
P1478__1__853___962__1__0___0 0.688 157 560 157 533 170 533 170 560 small-vehicle
P1478__1__853___962__1__0___0 0.690 729 30 713 30 714 -6 730 -6 small-vehicle
P1478__1__853___962__1__0___0 0.690 614 107 597 106 597 70 614 71 small-vehicle
P1478__1__853___962__1__0___0 0.690 223 619 208 618 210 584 225 585 small-vehicle
P1478__1__853___962__1__0___0 0.690 334 619 318 618 319 584 335 585 small-vehicle
P1478__1__853___962__1__0___0 0.691 359 30 342 30 342 -4 359 -4 small-vehicle
P1478__1__853___962__1__0___0 0.692 469 33 452 32 452 -5 469 -4 small-vehicle
P1478__1__853___962__1__0___0 0.692 692 181 674 181 675 142 693 142 small-vehicle
P1478__1__853___962__1__0___0 0.692 207 407 191 407 192 370 208 370 small-vehicle
P1478__1__853___962__1__0___0 0.694 702 614 702 587 715 587 715 614 small-vehicle
P1478__1__853___962__1__0___0 0.694 373 109 355 108 356 70 374 71 small-vehicle
P1478__1__853___962__1__0___0 0.695 442 620 429 619 429 593 442 594 small-vehicle
P1478__1__853___962__1__0___0 0.697 675 31 658 30 658 -5 675 -4 small-vehicle
P1478__1__853___962__1__0___0 0.697 447 70 430 70 430 37 447 37 small-vehicle
P1478__1__853___962__1__0___0 0.697 378 33 361 32 361 -5 378 -4 small-vehicle
P1478__1__853___962__1__0___0 0.698 715 493 700 492 700 460 715 461 small-vehicle
P1478__1__853___962__1__0___0 0.698 712 31 695 30 695 -5 712 -4 small-vehicle
P1478__1__853___962__1__0___0 0.698 317 66 300 66 300 35 317 35 small-vehicle
P1478__1__853___962__1__0___0 0.698 171 589 158 589 158 562 171 562 small-vehicle
P1478__1__853___962__1__0___0 0.699 170 619 157 619 157 592 170 592 small-vehicle
P1478__1__853___962__1__0___0 0.699 284 224 266 223 267 183 285 184 small-vehicle
P1478__1__853___962__1__0___0 0.701 762 107 745 107 745 72 762 72 small-vehicle
P1478__1__853___962__1__0___0 0.701 391 70 374 70 374 33 391 33 small-vehicle
P1478__1__853___962__1__0___0 0.702 602 27 602 -5 619 -5 619 27 small-vehicle
P1478__1__853___962__1__0___0 0.702 205 587 190 586 190 554 205 555 small-vehicle
P1478__1__853___962__1__0___0 0.703 188 177 172 177 173 146 189 146 small-vehicle
P1478__1__853___962__1__0___0 0.703 53 256 37 256 38 221 54 221 small-vehicle
P1478__1__853___962__1__0___0 0.703 688 109 671 109 671 74 688 74 small-vehicle
P1478__1__853___962__1__0___0 0.704 40 89 1 88 1 70 40 71 small-vehicle
P1478__1__853___962__1__0___0 0.704 206 550 191 550 193 513 208 513 small-vehicle
P1478__1__853___962__1__0___0 0.704 303 504 303 467 318 467 318 504 small-vehicle
P1478__1__853___962__1__0___0 0.705 525 32 509 31 510 -4 526 -3 small-vehicle
P1478__1__853___962__1__0___0 0.705 226 444 210 444 211 409 227 409 small-vehicle
P1478__1__853___962__1__0___0 0.705 596 69 579 69 579 34 596 34 small-vehicle
P1478__1__853___962__1__0___0 0.706 172 31 156 31 157 -3 173 -3 small-vehicle
P1478__1__853___962__1__0___0 0.707 187 69 171 69 172 34 188 34 small-vehicle
P1478__1__853___962__1__0___0 0.708 633 69 616 69 616 32 633 32 small-vehicle
P1478__1__853___962__1__0___0 0.708 520 108 504 108 505 71 521 71 small-vehicle
P1478__1__853___962__1__0___0 0.708 731 179 714 178 714 140 731 141 small-vehicle
P1478__1__853___962__1__0___0 0.708 209 32 193 31 194 -4 210 -3 small-vehicle
P1478__1__853___962__1__0___0 0.708 305 223 304 185 320 184 321 222 small-vehicle
P1478__1__853___962__1__0___0 0.709 172 217 157 216 157 186 172 187 small-vehicle
P1478__1__853___962__1__0___0 0.709 326 177 306 151 319 142 339 168 small-vehicle
P1478__1__853___962__1__0___0 0.710 389 107 373 107 374 72 390 72 small-vehicle
P1478__1__853___962__1__0___0 0.711 260 620 246 619 247 587 261 588 small-vehicle
P1478__1__853___962__1__0___0 0.711 302 466 301 432 317 431 318 465 small-vehicle
P1478__1__853___962__1__0___0 0.711 413 180 396 180 396 141 413 141 small-vehicle
P1478__1__853___962__1__0___0 0.711 267 618 266 590 280 589 281 617 small-vehicle
P1478__1__853___962__1__0___0 0.713 207 477 191 477 192 442 208 442 small-vehicle
P1478__1__853___962__1__0___0 0.713 227 29 211 28 212 -5 228 -4 small-vehicle
P1478__1__853___962__1__0___0 0.713 265 29 249 29 250 -5 266 -5 small-vehicle
P1478__1__853___962__1__0___0 0.714 260 105 244 105 245 74 261 74 small-vehicle
P1478__1__853___962__1__0___0 0.714 484 110 467 109 467 71 484 72 small-vehicle
P1478__1__853___962__1__0___0 0.714 340 33 323 32 323 -5 340 -4 small-vehicle
P1478__1__853___962__1__0___0 0.715 211 219 210 185 226 184 227 218 small-vehicle
P1478__1__853___962__1__0___0 0.715 761 70 745 69 746 35 762 36 small-vehicle
P1478__1__853___962__1__0___0 0.715 725 109 709 109 710 72 726 72 small-vehicle
P1478__1__853___962__1__0___0 0.716 431 221 415 220 416 184 432 185 small-vehicle
P1478__1__853___962__1__0___0 0.718 491 175 491 142 506 142 506 175 small-vehicle
P1478__1__853___962__1__0___0 0.718 193 221 192 185 208 184 209 220 small-vehicle
P1478__1__853___962__1__0___0 0.719 410 108 393 107 393 71 410 72 small-vehicle
P1478__1__853___962__1__0___0 0.719 421 302 406 302 408 267 423 267 small-vehicle
P1478__1__853___962__1__0___0 0.719 525 175 510 175 510 142 525 142 small-vehicle
P1478__1__853___962__1__0___0 0.720 730 493 716 493 717 464 731 464 small-vehicle
P1478__1__853___962__1__0___0 0.720 707 71 690 70 690 32 707 33 small-vehicle
P1478__1__853___962__1__0___0 0.721 89 222 73 221 76 183 92 184 small-vehicle
P1478__1__853___962__1__0___0 0.721 223 69 207 68 208 34 224 35 small-vehicle
P1478__1__853___962__1__0___0 0.722 577 69 560 69 560 32 577 32 small-vehicle
P1478__1__853___962__1__0___0 0.722 520 70 504 70 505 35 521 35 small-vehicle
P1478__1__853___962__1__0___0 0.722 299 110 282 109 282 71 299 72 small-vehicle
P1478__1__853___962__1__0___0 0.722 375 219 359 218 360 184 376 185 small-vehicle
P1478__1__853___962__1__0___0 0.723 115 7 115 -8 150 -9 150 6 small-vehicle
P1478__1__853___962__1__0___0 0.725 280 68 263 68 263 33 280 33 small-vehicle
P1478__1__853___962__1__0___0 0.725 635 179 619 178 620 140 636 141 small-vehicle
P1478__1__853___962__1__0___0 0.726 335 107 319 106 320 72 336 73 small-vehicle
P1478__1__853___962__1__0___0 0.726 669 107 652 107 652 72 669 72 small-vehicle
P1478__1__853___962__1__0___0 0.727 651 68 635 68 636 35 652 35 small-vehicle
P1478__1__853___962__1__0___0 0.727 204 620 190 619 191 589 205 590 small-vehicle
P1478__1__853___962__1__0___0 0.728 317 621 302 621 302 590 317 590 small-vehicle
P1478__1__853___962__1__0___0 0.728 42 111 42 94 79 94 79 111 small-vehicle
P1478__1__853___962__1__0___0 0.728 285 31 268 30 268 -5 285 -4 small-vehicle
P1478__1__853___962__1__0___0 0.729 772 178 771 141 787 141 788 178 small-vehicle
P1478__1__853___962__1__0___0 0.729 656 27 640 27 641 -3 657 -3 small-vehicle
P1478__1__853___962__1__0___0 0.729 299 66 282 66 282 31 299 31 small-vehicle
P1478__1__853___962__1__0___0 0.729 336 69 319 68 319 34 336 35 small-vehicle
P1478__1__853___962__1__0___0 0.729 190 219 174 218 175 186 191 187 small-vehicle
P1478__1__853___962__1__0___0 0.729 16 180 1 179 3 145 18 146 small-vehicle
P1478__1__853___962__1__0___0 0.729 315 587 299 587 300 550 316 550 small-vehicle
P1478__1__853___962__1__0___0 0.729 451 31 434 30 434 -5 451 -4 small-vehicle
P1478__1__853___962__1__0___0 0.730 45 13 44 -3 80 -3 81 13 small-vehicle
P1478__1__853___962__1__0___0 0.730 596 107 578 106 579 70 597 71 small-vehicle
P1478__1__853___962__1__0___0 0.730 213 553 212 522 226 522 227 553 small-vehicle
P1478__1__853___962__1__0___0 0.731 558 69 541 69 541 36 558 36 small-vehicle
P1478__1__853___962__1__0___0 0.731 77 90 47 90 48 75 78 75 small-vehicle
P1478__1__853___962__1__0___0 0.732 744 70 727 70 727 33 744 33 small-vehicle
P1478__1__853___962__1__0___0 0.734 226 481 210 481 211 448 227 448 small-vehicle
P1478__1__853___962__1__0___0 0.735 466 70 449 69 449 33 466 34 small-vehicle
P1478__1__853___962__1__0___0 0.735 692 29 676 28 677 -5 693 -4 small-vehicle
P1478__1__853___962__1__0___0 0.735 726 70 709 69 709 35 726 36 small-vehicle
P1478__1__853___962__1__0___0 0.739 636 27 620 27 621 -5 637 -5 small-vehicle
P1478__1__853___962__1__0___0 0.739 450 179 433 179 433 144 450 144 small-vehicle
P1478__1__853___962__1__0___0 0.741 613 70 597 69 598 35 614 36 small-vehicle
P1478__1__853___962__1__0___0 0.742 427 108 410 107 410 71 427 72 small-vehicle
P1478__1__853___962__1__0___0 0.742 466 108 449 108 449 73 466 73 small-vehicle
P1478__1__853___962__1__0___0 0.742 338 222 322 221 323 183 339 184 small-vehicle
P1478__1__853___962__1__0___0 0.743 501 109 485 108 486 74 502 75 small-vehicle
P1478__1__853___962__1__0___0 0.743 41 51 0 50 0 32 41 33 small-vehicle
P1478__1__853___962__1__0___0 0.744 362 181 361 146 377 146 378 181 small-vehicle
P1478__1__853___962__1__0___0 0.745 581 31 565 30 566 -5 582 -4 small-vehicle
P1478__1__853___962__1__0___0 0.746 317 107 300 106 300 72 317 73 small-vehicle
P1478__1__853___962__1__0___0 0.746 503 70 486 70 486 33 503 33 small-vehicle
P1478__1__853___962__1__0___0 0.746 42 71 41 54 77 54 78 71 small-vehicle
P1478__1__853___962__1__0___0 0.747 373 69 356 69 356 34 373 34 small-vehicle
P1478__1__853___962__1__0___0 0.747 411 221 395 220 396 184 412 185 small-vehicle
P1478__1__853___962__1__0___0 0.747 538 69 522 68 523 34 539 35 small-vehicle
P1478__1__853___962__1__0___0 0.749 354 68 337 67 337 33 354 34 small-vehicle
P1478__1__853___962__1__0___0 0.749 484 70 467 70 467 33 484 33 small-vehicle
P1478__1__853___962__1__0___0 0.749 540 107 523 106 523 72 540 73 small-vehicle
P1478__1__853___962__1__0___0 0.749 357 297 341 297 342 262 358 262 small-vehicle
P1478__1__853___962__1__0___0 0.750 670 69 653 69 653 34 670 34 small-vehicle
P1478__1__853___962__1__0___0 0.750 213 584 213 556 226 555 226 583 small-vehicle
P1478__1__853___962__1__0___0 0.752 379 177 379 144 394 144 394 177 small-vehicle
P1478__1__853___962__1__0___0 0.752 241 105 225 105 226 72 242 72 small-vehicle
P1478__1__853___962__1__0___0 0.757 651 107 634 107 634 72 651 72 small-vehicle
P1478__1__853___962__1__0___0 0.757 445 109 429 108 430 74 446 75 small-vehicle
P1478__1__853___962__1__0___0 0.758 204 68 188 67 189 35 205 36 small-vehicle
P1478__1__853___962__1__0___0 0.758 374 300 359 299 361 267 376 268 small-vehicle
P1478__1__853___962__1__0___0 0.764 378 222 378 186 395 185 395 221 small-vehicle
P1478__1__853___962__1__0___0 0.764 301 223 285 222 286 184 302 185 small-vehicle
P1478__1__853___962__1__0___0 0.764 357 221 341 220 342 184 358 185 small-vehicle
P1478__1__853___962__1__0___0 0.769 204 109 188 108 189 74 205 75 small-vehicle
P1478__1__853___962__1__0___0 0.772 358 182 341 181 341 145 358 146 small-vehicle
P1478__1__853___962__1__0___0 0.777 149 27 114 27 114 10 149 10 small-vehicle
P1478__1__853___962__1__0___0 0.777 2 28 2 11 37 11 37 28 small-vehicle
P1478__1__853___962__1__0___0 0.783 150 47 113 47 113 30 150 30 small-vehicle
P1478__1__853___962__1__0___0 0.807 37 10 1 10 2 -6 38 -6 small-vehicle
