P0003 0.757 572.0 327.0 552.0 231.0 575.0 226.0 595.0 322.0
P0003 0.73 629.0 605.0 532.0 604.0 532.0 580.0 629.0 581.0
P0003 0.73 301.0 524.0 212.0 475.0 224.0 453.0 313.0 502.0
P0003 0.727 539.0 334.0 522.0 233.0 546.0 229.0 563.0 330.0
P0003 0.727 372.0 365.0 351.0 265.0 375.0 260.0 396.0 360.0
P0003 0.722 658.0 308.0 639.0 209.0 661.0 205.0 680.0 304.0
P0003 0.716 602.0 324.0 582.0 221.0 607.0 217.0 627.0 320.0
P0003 0.713 337.0 361.0 322.0 274.0 346.0 270.0 361.0 357.0
P0003 0.71 303.0 357.0 289.0 273.0 314.0 268.0 328.0 352.0
P0003 0.709 497.0 341.0 475.0 239.0 498.0 234.0 520.0 336.0
P0003 0.708 397.0 357.0 379.0 254.0 404.0 250.0 422.0 353.0
P0003 0.685 771.0 574.0 764.0 551.0 858.0 523.0 865.0 546.0
P0003 0.665 818.0 900.0 811.0 797.0 835.0 795.0 842.0 898.0
P0003 0.664 328.0 851.0 272.0 843.0 275.0 820.0 331.0 828.0
P0003 0.646 598.0 576.0 597.0 553.0 659.0 553.0 660.0 576.0
P0003 0.637 782.0 904.0 754.0 903.0 757.0 815.0 785.0 816.0
P0003 0.637 635.0 522.0 573.0 518.0 574.0 495.0 636.0 499.0
P0003 0.611 567.0 550.0 566.0 527.0 624.0 527.0 625.0 550.0
P0003 0.595 238.0 328.0 189.0 299.0 201.0 279.0 250.0 308.0
P0003 0.589 329.0 664.0 231.0 610.0 242.0 589.0 340.0 643.0
P0003 0.572 240.0 390.0 187.0 364.0 197.0 343.0 250.0 369.0
P0003 0.572 317.0 820.0 265.0 794.0 276.0 773.0 328.0 799.0
P0003 0.551 502.0 550.0 501.0 526.0 561.0 521.0 562.0 545.0
P0003 0.547 694.0 962.0 629.0 958.0 631.0 933.0 696.0 937.0
P0003 0.544 789.0 893.0 785.0 831.0 810.0 830.0 814.0 892.0
P0003 0.519 -1.0 957.0 -2.0 936.0 43.0 934.0 44.0 955.0
P0003 0.517 537.0 487.0 474.0 486.0 474.0 462.0 537.0 463.0
P0003 0.512 869.0 906.0 843.0 904.0 846.0 843.0 872.0 845.0
P0003 0.502 247.0 430.0 196.0 403.0 208.0 381.0 259.0 408.0
P0003 0.501 837.0 627.0 829.0 606.0 884.0 584.0 892.0 605.0
P0003 0.49 305.0 711.0 252.0 685.0 262.0 664.0 315.0 690.0
P0003 0.453 256.0 462.0 203.0 437.0 213.0 415.0 266.0 440.0
P0003 0.449 548.0 517.0 487.0 516.0 487.0 492.0 548.0 493.0
P0003 0.436 323.0 628.0 228.0 577.0 240.0 555.0 335.0 606.0
P0003 0.42 4.0 885.0 3.0 864.0 43.0 862.0 44.0 883.0
P0003 0.413 306.0 783.0 265.0 759.0 277.0 740.0 318.0 764.0
P0003 0.378 0.0 932.0 0.0 913.0 39.0 911.0 40.0 930.0
P0003 0.369 2.0 910.0 0.0 890.0 41.0 887.0 43.0 907.0
P0003 0.367 -5.0 980.0 -6.0 961.0 43.0 959.0 44.0 978.0
P0003 0.364 178.0 155.0 170.0 92.0 197.0 88.0 205.0 151.0
P0003 0.345 6.0 860.0 5.0 841.0 35.0 839.0 36.0 858.0
P0003 0.31 737.0 908.0 712.0 906.0 716.0 847.0 741.0 849.0
P0003 0.277 157.0 93.0 142.0 5.0 170.0 0.0 185.0 88.0
P0004 0.748 433.0 1184.0 432.0 1161.0 560.0 1153.0 561.0 1176.0
P0004 0.738 169.0 682.0 168.0 657.0 286.0 655.0 287.0 680.0
P0004 0.714 455.0 955.0 453.0 931.0 624.0 920.0 626.0 944.0
P0004 0.695 480.0 1259.0 480.0 1237.0 583.0 1234.0 583.0 1256.0
P0004 0.694 274.0 763.0 154.0 758.0 155.0 734.0 275.0 739.0
P0004 0.694 607.0 526.0 506.0 521.0 508.0 499.0 609.0 504.0
P0004 0.692 172.0 606.0 171.0 584.0 271.0 577.0 272.0 599.0
P0004 0.683 332.0 1350.0 304.0 1349.0 311.0 1181.0 339.0 1182.0
P0004 0.672 517.0 475.0 516.0 454.0 604.0 452.0 605.0 473.0
P0004 0.665 155.0 633.0 154.0 612.0 272.0 604.0 273.0 625.0
P0004 0.665 512.0 918.0 511.0 896.0 595.0 891.0 596.0 913.0
P0004 0.651 616.0 573.0 489.0 567.0 491.0 544.0 618.0 550.0
P0004 0.649 624.0 501.0 507.0 501.0 507.0 478.0 624.0 478.0
P0004 0.645 154.0 829.0 154.0 807.0 273.0 804.0 273.0 826.0
P0004 0.644 602.0 1293.0 473.0 1288.0 473.0 1266.0 602.0 1271.0
P0004 0.639 163.0 548.0 159.0 526.0 258.0 505.0 262.0 527.0
P0004 0.637 147.0 1026.0 147.0 1004.0 278.0 999.0 278.0 1021.0
P0004 0.634 415.0 185.0 412.0 91.0 434.0 90.0 437.0 184.0
P0004 0.633 168.0 438.0 165.0 417.0 261.0 405.0 264.0 426.0
P0004 0.628 154.0 805.0 153.0 784.0 273.0 778.0 274.0 799.0
P0004 0.625 146.0 1049.0 146.0 1028.0 277.0 1024.0 277.0 1045.0
P0004 0.618 270.0 878.0 149.0 878.0 149.0 857.0 270.0 857.0
P0004 0.613 148.0 1000.0 148.0 979.0 279.0 975.0 279.0 996.0
P0004 0.611 154.0 524.0 149.0 502.0 257.0 479.0 262.0 501.0
P0004 0.606 328.0 178.0 315.0 83.0 335.0 81.0 348.0 176.0
P0004 0.604 514.0 356.0 513.0 334.0 629.0 327.0 630.0 349.0
P0004 0.604 629.0 623.0 500.0 613.0 502.0 590.0 631.0 600.0
P0004 0.599 381.0 684.0 358.0 682.0 366.0 587.0 389.0 589.0
P0004 0.597 477.0 1109.0 475.0 1087.0 598.0 1078.0 600.0 1100.0
P0004 0.59 614.0 548.0 508.0 542.0 509.0 521.0 615.0 527.0
P0004 0.587 510.0 427.0 508.0 404.0 635.0 398.0 637.0 421.0
P0004 0.585 150.0 580.0 145.0 557.0 261.0 533.0 266.0 556.0
P0004 0.585 274.0 900.0 147.0 900.0 147.0 879.0 274.0 879.0
P0004 0.583 149.0 952.0 148.0 930.0 278.0 923.0 279.0 945.0
P0004 0.582 508.0 379.0 506.0 358.0 605.0 352.0 607.0 373.0
P0004 0.58 149.0 1205.0 147.0 1184.0 286.0 1174.0 288.0 1195.0
P0004 0.575 153.0 1101.0 151.0 1081.0 286.0 1072.0 288.0 1092.0
P0004 0.569 514.0 452.0 513.0 431.0 627.0 425.0 628.0 446.0
P0004 0.564 152.0 976.0 152.0 955.0 283.0 951.0 283.0 972.0
P0004 0.552 260.0 715.0 149.0 715.0 149.0 692.0 260.0 692.0
P0004 0.55 147.0 927.0 146.0 906.0 276.0 902.0 277.0 923.0
P0004 0.548 148.0 1074.0 147.0 1053.0 279.0 1047.0 280.0 1068.0
P0004 0.544 491.0 1205.0 489.0 1183.0 620.0 1174.0 622.0 1196.0
P0004 0.541 493.0 1232.0 492.0 1210.0 626.0 1203.0 627.0 1225.0
P0004 0.537 368.0 181.0 359.0 86.0 379.0 84.0 388.0 179.0
P0004 0.533 480.0 1082.0 478.0 1059.0 609.0 1051.0 611.0 1074.0
P0004 0.531 150.0 393.0 147.0 373.0 245.0 358.0 248.0 378.0
P0004 0.53 149.0 1179.0 148.0 1157.0 284.0 1148.0 285.0 1170.0
P0004 0.506 143.0 469.0 139.0 445.0 258.0 427.0 262.0 450.0
P0004 0.505 390.0 185.0 385.0 91.0 407.0 90.0 412.0 184.0
P0004 0.502 134.0 500.0 130.0 477.0 255.0 455.0 259.0 478.0
P0004 0.5 168.0 655.0 166.0 635.0 271.0 628.0 273.0 648.0
P0004 0.49 101.0 981.0 97.0 924.0 118.0 922.0 122.0 979.0
P0004 0.47 618.0 597.0 523.0 591.0 525.0 570.0 620.0 576.0
P0004 0.466 154.0 1125.0 152.0 1104.0 289.0 1094.0 291.0 1115.0
P0004 0.461 142.0 370.0 138.0 349.0 237.0 333.0 241.0 354.0
P0004 0.458 304.0 181.0 293.0 84.0 313.0 82.0 324.0 179.0
P0004 0.451 149.0 415.0 146.0 395.0 240.0 382.0 243.0 402.0
P0004 0.448 348.0 184.0 340.0 87.0 359.0 85.0 367.0 182.0
P0004 0.437 459.0 187.0 457.0 91.0 478.0 90.0 480.0 186.0
P0004 0.436 508.0 402.0 507.0 380.0 635.0 371.0 636.0 393.0
P0004 0.435 135.0 346.0 132.0 327.0 228.0 313.0 231.0 332.0
P0004 0.433 511.0 222.0 508.0 199.0 622.0 183.0 625.0 206.0
P0004 0.428 248.0 187.0 233.0 91.0 255.0 88.0 270.0 184.0
P0004 0.425 124.0 324.0 122.0 303.0 221.0 291.0 223.0 312.0
P0004 0.422 285.0 183.0 273.0 87.0 294.0 84.0 306.0 180.0
P0004 0.415 609.0 685.0 525.0 679.0 526.0 658.0 610.0 664.0
P0004 0.415 505.0 336.0 503.0 314.0 622.0 303.0 624.0 325.0
P0004 0.407 74.0 452.0 67.0 379.0 91.0 377.0 98.0 450.0
P0004 0.391 633.0 645.0 512.0 637.0 514.0 616.0 635.0 624.0
P0004 0.375 519.0 308.0 517.0 288.0 620.0 281.0 622.0 301.0
P0004 0.374 515.0 287.0 513.0 264.0 638.0 254.0 640.0 277.0
P0004 0.373 632.0 663.0 514.0 655.0 515.0 634.0 633.0 642.0
P0004 0.343 515.0 196.0 498.0 183.0 560.0 107.0 577.0 120.0
P0004 0.334 506.0 244.0 504.0 221.0 623.0 209.0 625.0 232.0
P0004 0.326 112.0 279.0 110.0 258.0 213.0 250.0 215.0 271.0
P0004 0.31 375.0 711.0 320.0 710.0 320.0 690.0 375.0 691.0
P0004 0.31 480.0 184.0 477.0 89.0 497.0 89.0 500.0 184.0
P0004 0.303 438.0 189.0 437.0 95.0 457.0 94.0 458.0 188.0
P0004 0.276 508.0 266.0 506.0 244.0 631.0 231.0 633.0 253.0
P0007 0.781 663.0 1596.0 479.0 1590.0 480.0 1565.0 664.0 1571.0
P0007 0.772 357.0 1376.0 173.0 1370.0 174.0 1347.0 358.0 1353.0
P0007 0.771 337.0 1813.0 157.0 1804.0 158.0 1780.0 338.0 1789.0
P0007 0.77 1193.0 1164.0 1068.0 1029.0 1086.0 1013.0 1211.0 1148.0
P0007 0.77 1141.0 1694.0 953.0 1687.0 954.0 1659.0 1142.0 1666.0
P0007 0.768 655.0 1649.0 473.0 1643.0 474.0 1618.0 656.0 1624.0
P0007 0.768 354.0 1523.0 165.0 1512.0 167.0 1488.0 356.0 1499.0
P0007 0.768 1189.0 1071.0 1073.0 932.0 1092.0 916.0 1208.0 1055.0
P0007 0.768 1176.0 1230.0 1056.0 1097.0 1075.0 1081.0 1195.0 1214.0
P0007 0.767 1153.0 1406.0 965.0 1395.0 966.0 1371.0 1154.0 1382.0
P0007 0.763 843.0 1517.0 672.0 1505.0 674.0 1480.0 845.0 1492.0
P0007 0.758 1143.0 1636.0 966.0 1623.0 968.0 1599.0 1145.0 1612.0
P0007 0.757 350.0 1405.0 174.0 1395.0 175.0 1372.0 351.0 1382.0
P0007 0.754 347.0 1435.0 171.0 1425.0 172.0 1402.0 348.0 1412.0
P0007 0.754 1244.0 294.0 1055.0 280.0 1057.0 255.0 1246.0 269.0
P0007 0.753 1145.0 1522.0 959.0 1512.0 960.0 1487.0 1146.0 1497.0
P0007 0.753 675.0 1424.0 489.0 1414.0 490.0 1389.0 676.0 1399.0
P0007 0.752 850.0 1487.0 669.0 1478.0 671.0 1452.0 852.0 1461.0
P0007 0.75 674.0 1536.0 488.0 1530.0 489.0 1505.0 675.0 1511.0
P0007 0.75 1223.0 608.0 1062.0 511.0 1076.0 487.0 1237.0 584.0
P0007 0.75 1157.0 1349.0 972.0 1336.0 974.0 1312.0 1159.0 1325.0
P0007 0.749 344.0 1693.0 154.0 1686.0 155.0 1664.0 345.0 1671.0
P0007 0.748 1251.0 229.0 1060.0 226.0 1060.0 202.0 1251.0 205.0
P0007 0.747 361.0 1348.0 175.0 1338.0 176.0 1315.0 362.0 1325.0
P0007 0.747 1250.0 259.0 1056.0 255.0 1057.0 230.0 1251.0 234.0
P0007 0.747 355.0 1493.0 169.0 1483.0 170.0 1460.0 356.0 1470.0
P0007 0.746 672.0 1567.0 485.0 1557.0 487.0 1532.0 674.0 1542.0
P0007 0.746 347.0 1549.0 163.0 1539.0 164.0 1518.0 348.0 1528.0
P0007 0.745 1147.0 1607.0 962.0 1597.0 964.0 1572.0 1149.0 1582.0
P0007 0.745 673.0 1483.0 489.0 1474.0 490.0 1448.0 674.0 1457.0
P0007 0.744 1149.0 1549.0 962.0 1539.0 964.0 1514.0 1151.0 1524.0
P0007 0.743 853.0 1574.0 672.0 1565.0 674.0 1539.0 855.0 1548.0
P0007 0.742 1240.0 345.0 1051.0 301.0 1057.0 276.0 1246.0 320.0
P0007 0.742 1196.0 1027.0 1078.0 881.0 1099.0 864.0 1217.0 1010.0
P0007 0.739 853.0 1625.0 830.0 1605.0 948.0 1470.0 971.0 1490.0
P0007 0.739 361.0 1292.0 179.0 1288.0 180.0 1263.0 362.0 1267.0
P0007 0.738 1207.0 842.0 1064.0 722.0 1082.0 701.0 1225.0 821.0
P0007 0.737 906.0 815.0 741.0 803.0 743.0 776.0 908.0 788.0
P0007 0.736 1250.0 199.0 1063.0 198.0 1063.0 174.0 1250.0 175.0
P0007 0.735 1214.0 725.0 1066.0 609.0 1083.0 588.0 1231.0 704.0
P0007 0.733 331.0 1853.0 147.0 1849.0 148.0 1824.0 332.0 1828.0
P0007 0.731 1143.0 1664.0 953.0 1653.0 954.0 1627.0 1144.0 1638.0
P0007 0.73 352.0 1463.0 172.0 1456.0 173.0 1432.0 353.0 1439.0
P0007 0.73 843.0 1632.0 658.0 1622.0 660.0 1595.0 845.0 1605.0
P0007 0.728 678.0 1370.0 490.0 1366.0 491.0 1341.0 679.0 1345.0
P0007 0.726 1236.0 381.0 1054.0 332.0 1061.0 306.0 1243.0 355.0
P0007 0.726 914.0 856.0 735.0 846.0 737.0 819.0 916.0 829.0
P0007 0.723 664.0 1682.0 476.0 1671.0 477.0 1645.0 665.0 1656.0
P0007 0.716 680.0 1399.0 490.0 1388.0 491.0 1362.0 681.0 1373.0
P0007 0.716 1224.0 683.0 1070.0 571.0 1085.0 550.0 1239.0 662.0
P0007 0.716 1234.0 945.0 1096.0 821.0 1115.0 800.0 1253.0 924.0
P0007 0.716 1156.0 1375.0 966.0 1365.0 967.0 1342.0 1157.0 1352.0
P0007 0.715 960.0 687.0 926.0 685.0 935.0 514.0 969.0 516.0
P0007 0.714 856.0 1371.0 674.0 1370.0 675.0 1346.0 857.0 1347.0
P0007 0.713 1000.0 483.0 968.0 482.0 971.0 304.0 1003.0 305.0
P0007 0.713 844.0 1457.0 662.0 1448.0 663.0 1422.0 845.0 1431.0
P0007 0.711 841.0 1662.0 659.0 1652.0 660.0 1625.0 842.0 1635.0
P0007 0.711 343.0 1666.0 160.0 1657.0 162.0 1633.0 345.0 1642.0
P0007 0.71 655.0 1711.0 473.0 1701.0 474.0 1674.0 656.0 1684.0
P0007 0.709 1130.0 1845.0 940.0 1835.0 941.0 1808.0 1131.0 1818.0
P0007 0.708 1159.0 1287.0 1026.0 1179.0 1042.0 1160.0 1175.0 1268.0
P0007 0.708 903.0 899.0 744.0 888.0 746.0 862.0 905.0 873.0
P0007 0.703 1169.0 1256.0 1048.0 1150.0 1064.0 1131.0 1185.0 1237.0
P0007 0.702 1149.0 1436.0 965.0 1426.0 966.0 1401.0 1150.0 1411.0
P0007 0.702 848.0 1344.0 658.0 1337.0 659.0 1313.0 849.0 1320.0
P0007 0.702 906.0 1125.0 744.0 1121.0 745.0 1096.0 907.0 1100.0
P0007 0.693 674.0 1509.0 488.0 1503.0 489.0 1478.0 675.0 1484.0
P0007 0.69 567.0 1035.0 380.0 1035.0 380.0 1006.0 567.0 1006.0
P0007 0.686 345.0 1638.0 163.0 1631.0 164.0 1607.0 346.0 1614.0
P0007 0.685 335.0 1781.0 154.0 1777.0 154.0 1752.0 335.0 1756.0
P0007 0.684 630.0 960.0 524.0 957.0 525.0 931.0 631.0 934.0
P0007 0.681 1247.0 448.0 1069.0 393.0 1076.0 369.0 1254.0 424.0
P0007 0.681 853.0 1402.0 679.0 1396.0 680.0 1371.0 854.0 1377.0
P0007 0.678 1179.0 160.0 1076.0 152.0 1078.0 129.0 1181.0 137.0
P0007 0.674 1220.0 809.0 1075.0 692.0 1091.0 672.0 1236.0 789.0
P0007 0.667 1202.0 977.0 1080.0 841.0 1101.0 823.0 1223.0 958.0
P0007 0.66 840.0 1717.0 652.0 1711.0 653.0 1684.0 841.0 1690.0
P0007 0.659 661.0 1626.0 475.0 1616.0 476.0 1593.0 662.0 1603.0
P0007 0.654 966.0 480.0 938.0 479.0 945.0 307.0 973.0 308.0
P0007 0.653 1229.0 500.0 1079.0 457.0 1086.0 435.0 1236.0 478.0
P0007 0.65 887.0 478.0 859.0 477.0 864.0 337.0 892.0 338.0
P0007 0.646 338.0 1578.0 172.0 1569.0 173.0 1547.0 339.0 1556.0
P0007 0.643 938.0 484.0 908.0 482.0 917.0 305.0 947.0 307.0
P0007 0.636 1197.0 1209.0 1069.0 1076.0 1086.0 1060.0 1214.0 1193.0
P0007 0.631 1038.0 793.0 1000.0 791.0 1005.0 630.0 1043.0 632.0
P0007 0.628 284.0 446.0 219.0 443.0 221.0 421.0 286.0 424.0
P0007 0.626 1142.0 1464.0 969.0 1454.0 971.0 1429.0 1144.0 1439.0
P0007 0.626 1141.0 1785.0 940.0 1770.0 942.0 1742.0 1143.0 1757.0
P0007 0.625 1213.0 766.0 1080.0 662.0 1096.0 643.0 1229.0 747.0
P0007 0.618 337.0 1607.0 163.0 1597.0 164.0 1572.0 338.0 1582.0
P0007 0.616 1149.0 1578.0 960.0 1567.0 962.0 1543.0 1151.0 1554.0
P0007 0.614 1199.0 1126.0 1070.0 996.0 1086.0 981.0 1215.0 1111.0
P0007 0.612 362.0 1264.0 183.0 1257.0 183.0 1233.0 362.0 1240.0
P0007 0.611 1136.0 1808.0 940.0 1801.0 941.0 1773.0 1137.0 1780.0
P0007 0.6 850.0 1088.0 839.0 1051.0 1017.0 997.0 1028.0 1034.0
P0007 0.596 365.0 1319.0 180.0 1312.0 180.0 1290.0 365.0 1297.0
P0007 0.587 780.0 1742.0 606.0 1736.0 607.0 1709.0 781.0 1715.0
P0007 0.583 884.0 659.0 856.0 658.0 863.0 530.0 891.0 531.0
P0007 0.576 332.0 1882.0 154.0 1875.0 155.0 1851.0 333.0 1858.0
P0007 0.56 623.0 1118.0 511.0 1114.0 512.0 1089.0 624.0 1093.0
P0007 0.544 554.0 1733.0 477.0 1732.0 477.0 1708.0 554.0 1709.0
P0007 0.523 338.0 1719.0 150.0 1712.0 151.0 1688.0 339.0 1695.0
P0007 0.518 1411.0 1204.0 1386.0 1202.0 1392.0 1111.0 1417.0 1113.0
P0007 0.5 1240.0 471.0 1060.0 420.0 1067.0 398.0 1247.0 449.0
P0007 0.49 57.0 1919.0 26.0 1917.0 38.0 1746.0 69.0 1748.0
P0007 0.407 1387.0 1195.0 1362.0 1194.0 1366.0 1112.0 1391.0 1113.0
P0007 0.334 299.0 1750.0 152.0 1742.0 154.0 1719.0 301.0 1727.0
P0007 0.312 1478.0 327.0 1442.0 300.0 1453.0 286.0 1489.0 313.0
P0007 0.297 704.0 194.0 679.0 193.0 683.0 127.0 708.0 128.0
P0007 0.291 835.0 1684.0 666.0 1675.0 668.0 1651.0 837.0 1660.0
P0007 0.254 668.0 1737.0 609.0 1735.0 609.0 1712.0 668.0 1714.0
