P0003 0.774 1056.0 663.0 1037.0 628.0 1053.0 620.0 1072.0 655.0
P0003 0.659 12.0 809.0 10.0 789.0 47.0 786.0 49.0 806.0
P0003 0.659 1002.0 548.0 986.0 511.0 1005.0 503.0 1021.0 540.0
P0003 0.643 1099.0 1011.0 1085.0 1004.0 1104.0 970.0 1118.0 977.0
P0003 0.641 1107.0 666.0 1087.0 632.0 1102.0 623.0 1122.0 657.0
P0003 0.632 964.0 462.0 949.0 424.0 967.0 417.0 982.0 455.0
P0003 0.591 1107.0 757.0 1083.0 714.0 1100.0 704.0 1124.0 747.0
P0003 0.574 1091.0 986.0 1077.0 978.0 1092.0 949.0 1106.0 957.0
P0003 0.568 969.0 191.0 955.0 157.0 972.0 150.0 986.0 184.0
P0003 0.501 937.0 912.0 918.0 911.0 920.0 873.0 939.0 874.0
P0003 0.383 41.0 658.0 9.0 657.0 10.0 637.0 42.0 638.0
P0004 0.779 110.0 895.0 108.0 858.0 125.0 856.0 127.0 893.0
P0004 0.755 107.0 1014.0 97.0 1002.0 124.0 979.0 134.0 991.0
P0004 0.742 547.0 40.0 508.0 35.0 510.0 17.0 549.0 22.0
P0004 0.706 85.0 899.0 80.0 860.0 98.0 858.0 103.0 897.0
P0004 0.683 741.0 1376.0 723.0 1374.0 726.0 1335.0 744.0 1337.0
P0004 0.681 719.0 1295.0 702.0 1294.0 704.0 1254.0 721.0 1255.0
P0004 0.667 691.0 1346.0 676.0 1346.0 678.0 1309.0 693.0 1309.0
P0004 0.667 716.0 1354.0 701.0 1354.0 703.0 1317.0 718.0 1317.0
P0004 0.665 723.0 1150.0 708.0 1149.0 708.0 1115.0 723.0 1116.0
P0004 0.664 82.0 268.0 81.0 231.0 97.0 231.0 98.0 268.0
P0004 0.662 313.0 727.0 295.0 726.0 296.0 688.0 314.0 689.0
P0004 0.656 796.0 248.0 780.0 247.0 781.0 213.0 797.0 214.0
P0004 0.653 56.0 976.0 54.0 939.0 71.0 939.0 73.0 976.0
P0004 0.648 749.0 277.0 732.0 277.0 734.0 240.0 751.0 240.0
P0004 0.597 801.0 110.0 784.0 110.0 786.0 73.0 803.0 73.0
P0004 0.578 742.0 589.0 726.0 588.0 729.0 550.0 745.0 551.0
P0004 0.385 33.0 355.0 31.0 324.0 44.0 324.0 46.0 355.0
P0004 0.32 818.0 196.0 807.0 196.0 809.0 161.0 820.0 161.0
P0004 0.298 815.0 284.0 805.0 284.0 806.0 247.0 816.0 247.0
P0004 0.266 199.0 15.0 159.0 14.0 160.0 4.0 200.0 5.0
P0004 0.254 822.0 76.0 812.0 75.0 813.0 43.0 823.0 44.0
P0007 0.789 415.0 475.0 409.0 461.0 440.0 448.0 446.0 462.0
P0007 0.771 414.0 384.0 407.0 369.0 441.0 355.0 448.0 370.0
P0007 0.765 373.0 425.0 367.0 410.0 400.0 396.0 406.0 411.0
P0007 0.728 415.0 357.0 409.0 343.0 444.0 328.0 450.0 342.0
P0007 0.72 419.0 500.0 412.0 485.0 448.0 467.0 455.0 482.0
P0007 0.719 1353.0 1856.0 1335.0 1856.0 1336.0 1819.0 1354.0 1819.0
P0007 0.718 413.0 455.0 407.0 440.0 444.0 424.0 450.0 439.0
P0007 0.708 1423.0 1995.0 1403.0 1995.0 1404.0 1952.0 1424.0 1952.0
P0007 0.698 1375.0 1993.0 1355.0 1991.0 1358.0 1946.0 1378.0 1948.0
P0007 0.697 1413.0 1430.0 1394.0 1429.0 1396.0 1389.0 1415.0 1390.0
P0007 0.674 1352.0 1985.0 1334.0 1984.0 1337.0 1944.0 1355.0 1945.0
P0007 0.674 1375.0 1858.0 1358.0 1858.0 1360.0 1823.0 1377.0 1823.0
P0007 0.669 370.0 448.0 363.0 434.0 397.0 419.0 404.0 433.0
P0007 0.663 373.0 497.0 366.0 482.0 402.0 466.0 409.0 481.0
P0007 0.663 415.0 407.0 408.0 393.0 444.0 376.0 451.0 390.0
P0007 0.658 1387.0 2128.0 1367.0 2126.0 1370.0 2085.0 1390.0 2087.0
P0007 0.658 369.0 403.0 362.0 388.0 398.0 372.0 405.0 387.0
P0007 0.652 91.0 264.0 70.0 263.0 72.0 223.0 93.0 224.0
P0007 0.652 1375.0 271.0 1368.0 257.0 1400.0 242.0 1407.0 256.0
P0007 0.645 1373.0 380.0 1362.0 363.0 1400.0 337.0 1411.0 354.0
P0007 0.644 415.0 312.0 409.0 294.0 452.0 279.0 458.0 297.0
P0007 0.638 1366.0 1507.0 1325.0 1506.0 1325.0 1488.0 1366.0 1489.0
P0007 0.636 417.0 426.0 411.0 413.0 446.0 397.0 452.0 410.0
P0007 0.63 1308.0 1122.0 1290.0 1122.0 1291.0 1077.0 1309.0 1077.0
P0007 0.62 1368.0 412.0 1357.0 396.0 1391.0 373.0 1402.0 389.0
P0007 0.616 615.0 426.0 579.0 425.0 580.0 409.0 616.0 410.0
P0007 0.596 1394.0 1428.0 1377.0 1427.0 1377.0 1389.0 1394.0 1390.0
P0007 0.596 1373.0 1392.0 1336.0 1391.0 1336.0 1375.0 1373.0 1376.0
P0007 0.586 1368.0 1529.0 1330.0 1528.0 1331.0 1510.0 1369.0 1511.0
P0007 0.577 1311.0 1069.0 1294.0 1069.0 1294.0 1026.0 1311.0 1026.0
P0007 0.576 606.0 733.0 569.0 731.0 569.0 714.0 606.0 716.0
P0007 0.556 1376.0 294.0 1368.0 280.0 1401.0 261.0 1409.0 275.0
P0007 0.55 1400.0 992.0 1366.0 990.0 1367.0 975.0 1401.0 977.0
P0007 0.544 948.0 164.0 944.0 146.0 983.0 137.0 987.0 155.0
P0007 0.538 1364.0 442.0 1355.0 428.0 1383.0 409.0 1392.0 423.0
P0007 0.535 1424.0 2136.0 1405.0 2135.0 1405.0 2095.0 1424.0 2096.0
P0007 0.52 1436.0 1205.0 1417.0 1204.0 1419.0 1166.0 1438.0 1167.0
P0007 0.502 1413.0 1081.0 1397.0 1081.0 1398.0 1042.0 1414.0 1042.0
P0007 0.493 1404.0 969.0 1366.0 968.0 1367.0 954.0 1405.0 955.0
P0007 0.484 206.0 799.0 206.0 780.0 249.0 778.0 249.0 797.0
P0007 0.482 93.0 169.0 72.0 167.0 74.0 120.0 95.0 122.0
P0007 0.471 227.0 338.0 227.0 320.0 266.0 319.0 266.0 337.0
P0007 0.469 1365.0 472.0 1355.0 455.0 1392.0 431.0 1402.0 448.0
P0007 0.461 130.0 565.0 129.0 546.0 179.0 542.0 180.0 561.0
P0007 0.459 913.0 656.0 893.0 654.0 898.0 607.0 918.0 609.0
P0007 0.45 1372.0 1432.0 1333.0 1430.0 1335.0 1413.0 1374.0 1415.0
P0007 0.449 1359.0 354.0 1341.0 352.0 1344.0 311.0 1362.0 313.0
P0007 0.434 1433.0 1431.0 1413.0 1430.0 1416.0 1392.0 1436.0 1393.0
P0007 0.413 490.0 198.0 464.0 198.0 465.0 139.0 491.0 139.0
P0007 0.397 1372.0 347.0 1363.0 333.0 1397.0 310.0 1406.0 324.0
P0007 0.396 1443.0 1002.0 1403.0 1000.0 1404.0 983.0 1444.0 985.0
P0007 0.372 1377.0 245.0 1368.0 228.0 1410.0 204.0 1419.0 221.0
P0007 0.352 785.0 377.0 781.0 332.0 802.0 330.0 806.0 375.0
P0007 0.346 382.0 2103.0 353.0 2079.0 367.0 2062.0 396.0 2086.0
P0007 0.338 362.0 211.0 335.0 210.0 337.0 158.0 364.0 159.0
P0007 0.336 555.0 195.0 528.0 193.0 532.0 130.0 559.0 132.0
P0007 0.335 1470.0 510.0 1436.0 484.0 1449.0 467.0 1483.0 493.0
P0007 0.333 1366.0 500.0 1356.0 484.0 1397.0 459.0 1407.0 475.0
P0007 0.326 1455.0 1207.0 1444.0 1207.0 1446.0 1168.0 1457.0 1168.0
P0007 0.311 619.0 193.0 592.0 191.0 596.0 126.0 623.0 128.0
P0007 0.31 809.0 372.0 806.0 329.0 828.0 327.0 831.0 370.0
P0007 0.309 1476.0 449.0 1438.0 417.0 1451.0 402.0 1489.0 434.0
P0007 0.304 1376.0 183.0 1371.0 168.0 1403.0 156.0 1408.0 171.0
P0007 0.3 1475.0 479.0 1444.0 450.0 1456.0 436.0 1487.0 465.0
P0007 0.281 1479.0 419.0 1439.0 388.0 1452.0 372.0 1492.0 403.0
P0007 0.279 1479.0 386.0 1452.0 363.0 1464.0 349.0 1491.0 372.0
P0007 0.278 254.0 486.0 216.0 485.0 217.0 469.0 255.0 470.0
P0007 0.276 758.0 374.0 756.0 333.0 777.0 331.0 779.0 372.0
P0007 0.27 837.0 373.0 832.0 329.0 854.0 326.0 859.0 370.0
P0019 0.689 262.0 394.0 246.0 353.0 265.0 345.0 281.0 386.0
P0019 0.651 1116.0 3245.0 1110.0 3203.0 1129.0 3200.0 1135.0 3242.0
P0019 0.643 6418.0 3631.0 6393.0 3630.0 6393.0 3574.0 6418.0 3575.0
P0019 0.64 3833.0 159.0 3831.0 139.0 3872.0 136.0 3874.0 156.0
P0019 0.639 388.0 2701.0 339.0 2686.0 345.0 2666.0 394.0 2681.0
P0019 0.626 4682.0 238.0 4637.0 237.0 4637.0 217.0 4682.0 218.0
P0019 0.611 1136.0 3285.0 1135.0 3240.0 1155.0 3240.0 1156.0 3285.0
P0019 0.6 4646.0 172.0 4644.0 151.0 4685.0 147.0 4687.0 168.0
P0019 0.597 1111.0 2879.0 1110.0 2834.0 1130.0 2834.0 1131.0 2879.0
P0019 0.597 849.0 3367.0 828.0 3364.0 834.0 3318.0 855.0 3321.0
P0019 0.592 2183.0 3440.0 2138.0 3439.0 2138.0 3419.0 2183.0 3420.0
P0019 0.592 439.0 3335.0 387.0 3328.0 390.0 3306.0 442.0 3313.0
P0019 0.591 410.0 2657.0 364.0 2642.0 371.0 2622.0 417.0 2637.0
P0019 0.58 4203.0 220.0 4154.0 216.0 4156.0 195.0 4205.0 199.0
P0019 0.576 803.0 3417.0 784.0 3414.0 792.0 3368.0 811.0 3371.0
P0019 0.575 1667.0 186.0 1642.0 152.0 1660.0 139.0 1685.0 173.0
P0019 0.568 1509.0 3263.0 1468.0 3259.0 1470.0 3238.0 1511.0 3242.0
P0019 0.559 144.0 3291.0 140.0 3243.0 161.0 3242.0 165.0 3290.0
P0019 0.554 132.0 3453.0 84.0 3448.0 87.0 3426.0 135.0 3431.0
P0019 0.548 1655.0 88.0 1650.0 65.0 1704.0 53.0 1709.0 76.0
P0019 0.538 1757.0 3133.0 1710.0 3132.0 1710.0 3110.0 1757.0 3111.0
P0019 0.531 122.0 790.0 95.0 788.0 99.0 725.0 126.0 727.0
P0019 0.518 1467.0 85.0 1445.0 44.0 1464.0 34.0 1486.0 75.0
P0019 0.496 957.0 186.0 953.0 141.0 974.0 139.0 978.0 184.0
P0019 0.487 3314.0 188.0 3289.0 187.0 3289.0 125.0 3314.0 126.0
P0019 0.443 121.0 3357.0 98.0 3355.0 102.0 3298.0 125.0 3300.0
P0019 0.441 4049.0 190.0 4027.0 189.0 4028.0 139.0 4050.0 140.0
P0019 0.433 3881.0 260.0 3876.0 209.0 3896.0 207.0 3901.0 258.0
P0019 0.402 876.0 3376.0 854.0 3373.0 859.0 3333.0 881.0 3336.0
P0019 0.361 4199.0 195.0 4145.0 188.0 4148.0 166.0 4202.0 173.0
P0019 0.349 5197.0 260.0 5176.0 260.0 5176.0 213.0 5197.0 213.0
P0019 0.324 4538.0 179.0 4521.0 171.0 4537.0 136.0 4554.0 144.0
P0019 0.279 1516.0 3388.0 1461.0 3383.0 1463.0 3359.0 1518.0 3364.0
