P0019 0.698 5804.0 3658.0 5790.0 3640.0 5827.0 3611.0 5841.0 3629.0
P0019 0.696 4003.0 946.0 3963.0 928.0 3972.0 907.0 4012.0 925.0
P0019 0.668 2177.0 500.0 2157.0 492.0 2174.0 451.0 2194.0 459.0
P0019 0.653 5611.0 712.0 5599.0 682.0 5612.0 677.0 5624.0 707.0
P0019 0.609 6154.0 2639.0 6129.0 2614.0 6141.0 2602.0 6166.0 2627.0
P0019 0.581 6125.0 2829.0 6124.0 2812.0 6158.0 2810.0 6159.0 2827.0
P0019 0.506 6027.0 1788.0 6026.0 1766.0 6070.0 1763.0 6071.0 1785.0
P0019 0.504 3449.0 3384.0 3432.0 3379.0 3442.0 3345.0 3459.0 3350.0
P0019 0.503 5779.0 3651.0 5770.0 3641.0 5792.0 3620.0 5801.0 3630.0
P0019 0.49 5330.0 733.0 5324.0 704.0 5341.0 700.0 5347.0 729.0
P0019 0.479 1410.0 147.0 1409.0 95.0 1433.0 94.0 1434.0 146.0
P0019 0.469 6321.0 2782.0 6316.0 2741.0 6332.0 2739.0 6337.0 2780.0
P0019 0.467 6122.0 2456.0 6063.0 2455.0 6063.0 2429.0 6122.0 2430.0
P0019 0.458 3990.0 3353.0 3971.0 3329.0 3985.0 3318.0 4004.0 3342.0
P0019 0.457 3963.0 3375.0 3948.0 3354.0 3960.0 3346.0 3975.0 3367.0
P0019 0.44 553.0 943.0 514.0 907.0 532.0 888.0 571.0 924.0
P0019 0.414 5508.0 3423.0 5495.0 3423.0 5495.0 3400.0 5508.0 3400.0
P0019 0.412 680.0 884.0 670.0 870.0 697.0 853.0 707.0 867.0
P0019 0.4 193.0 1477.0 166.0 1477.0 166.0 1462.0 193.0 1462.0
P0019 0.374 4430.0 793.0 4428.0 774.0 4457.0 770.0 4459.0 789.0
P0019 0.372 5549.0 3619.0 5537.0 3619.0 5538.0 3584.0 5550.0 3584.0
P0019 0.367 5500.0 3447.0 5500.0 3424.0 5511.0 3424.0 5511.0 3447.0
P0019 0.348 4783.0 3366.0 4767.0 3366.0 4768.0 3335.0 4784.0 3335.0
P0019 0.347 3650.0 3460.0 3633.0 3435.0 3647.0 3425.0 3664.0 3450.0
P0019 0.325 2322.0 3090.0 2284.0 3044.0 2303.0 3029.0 2341.0 3075.0
P0019 0.32 178.0 1676.0 175.0 1653.0 187.0 1651.0 190.0 1674.0
P0019 0.32 195.0 1681.0 183.0 1651.0 198.0 1645.0 210.0 1674.0
P0019 0.319 5693.0 685.0 5679.0 685.0 5680.0 662.0 5694.0 662.0
P0019 0.311 3558.0 3521.0 3553.0 3506.0 3579.0 3498.0 3584.0 3513.0
P0019 0.301 1512.0 641.0 1509.0 629.0 1537.0 622.0 1540.0 634.0
P0019 0.296 3557.0 3423.0 3552.0 3371.0 3580.0 3368.0 3585.0 3420.0
P0019 0.281 1424.0 712.0 1410.0 711.0 1411.0 681.0 1425.0 682.0
P0019 0.268 5001.0 667.0 4998.0 642.0 5012.0 640.0 5015.0 665.0
P0019 0.264 3549.0 3508.0 3543.0 3489.0 3582.0 3477.0 3588.0 3496.0
