P0004 0.779 110.0 895.0 108.0 858.0 125.0 856.0 127.0 893.0 small-vehicle
P0004 0.755 107.0 1014.0 97.0 1002.0 124.0 979.0 134.0 991.0 small-vehicle
P0004 0.748 433.0 1184.0 432.0 1161.0 560.0 1153.0 561.0 1176.0 large-vehicle
P0004 0.742 547.0 40.0 508.0 35.0 510.0 17.0 549.0 22.0 small-vehicle
P0004 0.738 169.0 682.0 168.0 657.0 286.0 655.0 287.0 680.0 large-vehicle
P0004 0.714 455.0 955.0 453.0 931.0 624.0 920.0 626.0 944.0 large-vehicle
P0004 0.706 85.0 899.0 80.0 860.0 98.0 858.0 103.0 897.0 small-vehicle
P0004 0.695 480.0 1259.0 480.0 1237.0 583.0 1234.0 583.0 1256.0 large-vehicle
P0004 0.694 274.0 763.0 154.0 758.0 155.0 734.0 275.0 739.0 large-vehicle
P0004 0.694 607.0 526.0 506.0 521.0 508.0 499.0 609.0 504.0 large-vehicle
P0004 0.692 172.0 606.0 171.0 584.0 271.0 577.0 272.0 599.0 large-vehicle
P0004 0.683 332.0 1350.0 304.0 1349.0 311.0 1181.0 339.0 1182.0 large-vehicle
P0004 0.683 741.0 1376.0 723.0 1374.0 726.0 1335.0 744.0 1337.0 small-vehicle
P0004 0.681 719.0 1295.0 702.0 1294.0 704.0 1254.0 721.0 1255.0 small-vehicle
P0004 0.672 517.0 475.0 516.0 454.0 604.0 452.0 605.0 473.0 large-vehicle
P0004 0.667 691.0 1346.0 676.0 1346.0 678.0 1309.0 693.0 1309.0 small-vehicle
P0004 0.667 716.0 1354.0 701.0 1354.0 703.0 1317.0 718.0 1317.0 small-vehicle
P0004 0.665 155.0 633.0 154.0 612.0 272.0 604.0 273.0 625.0 large-vehicle
P0004 0.665 723.0 1150.0 708.0 1149.0 708.0 1115.0 723.0 1116.0 small-vehicle
P0004 0.665 512.0 918.0 511.0 896.0 595.0 891.0 596.0 913.0 large-vehicle
P0004 0.664 82.0 268.0 81.0 231.0 97.0 231.0 98.0 268.0 small-vehicle
P0004 0.662 313.0 727.0 295.0 726.0 296.0 688.0 314.0 689.0 small-vehicle
P0004 0.656 796.0 248.0 780.0 247.0 781.0 213.0 797.0 214.0 small-vehicle
P0004 0.653 56.0 976.0 54.0 939.0 71.0 939.0 73.0 976.0 small-vehicle
P0004 0.651 616.0 573.0 489.0 567.0 491.0 544.0 618.0 550.0 large-vehicle
P0004 0.649 624.0 501.0 507.0 501.0 507.0 478.0 624.0 478.0 large-vehicle
P0004 0.648 749.0 277.0 732.0 277.0 734.0 240.0 751.0 240.0 small-vehicle
P0004 0.645 154.0 829.0 154.0 807.0 273.0 804.0 273.0 826.0 large-vehicle
P0004 0.644 602.0 1293.0 473.0 1288.0 473.0 1266.0 602.0 1271.0 large-vehicle
P0004 0.639 163.0 548.0 159.0 526.0 258.0 505.0 262.0 527.0 large-vehicle
P0004 0.637 147.0 1026.0 147.0 1004.0 278.0 999.0 278.0 1021.0 large-vehicle
P0004 0.634 415.0 185.0 412.0 91.0 434.0 90.0 437.0 184.0 large-vehicle
P0004 0.633 168.0 438.0 165.0 417.0 261.0 405.0 264.0 426.0 large-vehicle
P0004 0.628 154.0 805.0 153.0 784.0 273.0 778.0 274.0 799.0 large-vehicle
P0004 0.625 146.0 1049.0 146.0 1028.0 277.0 1024.0 277.0 1045.0 large-vehicle
P0004 0.618 270.0 878.0 149.0 878.0 149.0 857.0 270.0 857.0 large-vehicle
P0004 0.613 148.0 1000.0 148.0 979.0 279.0 975.0 279.0 996.0 large-vehicle
P0004 0.611 154.0 524.0 149.0 502.0 257.0 479.0 262.0 501.0 large-vehicle
P0004 0.606 328.0 178.0 315.0 83.0 335.0 81.0 348.0 176.0 large-vehicle
P0004 0.604 514.0 356.0 513.0 334.0 629.0 327.0 630.0 349.0 large-vehicle
P0004 0.604 629.0 623.0 500.0 613.0 502.0 590.0 631.0 600.0 large-vehicle
P0004 0.599 381.0 684.0 358.0 682.0 366.0 587.0 389.0 589.0 large-vehicle
P0004 0.597 477.0 1109.0 475.0 1087.0 598.0 1078.0 600.0 1100.0 large-vehicle
P0004 0.597 801.0 110.0 784.0 110.0 786.0 73.0 803.0 73.0 small-vehicle
P0004 0.59 614.0 548.0 508.0 542.0 509.0 521.0 615.0 527.0 large-vehicle
P0004 0.587 510.0 427.0 508.0 404.0 635.0 398.0 637.0 421.0 large-vehicle
P0004 0.585 150.0 580.0 145.0 557.0 261.0 533.0 266.0 556.0 large-vehicle
P0004 0.585 274.0 900.0 147.0 900.0 147.0 879.0 274.0 879.0 large-vehicle
P0004 0.583 149.0 952.0 148.0 930.0 278.0 923.0 279.0 945.0 large-vehicle
P0004 0.582 508.0 379.0 506.0 358.0 605.0 352.0 607.0 373.0 large-vehicle
P0004 0.58 149.0 1205.0 147.0 1184.0 286.0 1174.0 288.0 1195.0 large-vehicle
P0004 0.578 742.0 589.0 726.0 588.0 729.0 550.0 745.0 551.0 small-vehicle
P0004 0.575 153.0 1101.0 151.0 1081.0 286.0 1072.0 288.0 1092.0 large-vehicle
P0004 0.569 514.0 452.0 513.0 431.0 627.0 425.0 628.0 446.0 large-vehicle
P0004 0.564 152.0 976.0 152.0 955.0 283.0 951.0 283.0 972.0 large-vehicle
P0004 0.552 260.0 715.0 149.0 715.0 149.0 692.0 260.0 692.0 large-vehicle
P0004 0.55 147.0 927.0 146.0 906.0 276.0 902.0 277.0 923.0 large-vehicle
P0004 0.548 148.0 1074.0 147.0 1053.0 279.0 1047.0 280.0 1068.0 large-vehicle
P0004 0.544 491.0 1205.0 489.0 1183.0 620.0 1174.0 622.0 1196.0 large-vehicle
P0004 0.541 493.0 1232.0 492.0 1210.0 626.0 1203.0 627.0 1225.0 large-vehicle
P0004 0.537 368.0 181.0 359.0 86.0 379.0 84.0 388.0 179.0 large-vehicle
P0004 0.533 480.0 1082.0 478.0 1059.0 609.0 1051.0 611.0 1074.0 large-vehicle
P0004 0.531 150.0 393.0 147.0 373.0 245.0 358.0 248.0 378.0 large-vehicle
P0004 0.53 149.0 1179.0 148.0 1157.0 284.0 1148.0 285.0 1170.0 large-vehicle
P0004 0.506 143.0 469.0 139.0 445.0 258.0 427.0 262.0 450.0 large-vehicle
P0004 0.505 390.0 185.0 385.0 91.0 407.0 90.0 412.0 184.0 large-vehicle
P0004 0.502 134.0 500.0 130.0 477.0 255.0 455.0 259.0 478.0 large-vehicle
P0004 0.5 168.0 655.0 166.0 635.0 271.0 628.0 273.0 648.0 large-vehicle
P0004 0.49 101.0 981.0 97.0 924.0 118.0 922.0 122.0 979.0 large-vehicle
P0004 0.47 618.0 597.0 523.0 591.0 525.0 570.0 620.0 576.0 large-vehicle
P0004 0.466 154.0 1125.0 152.0 1104.0 289.0 1094.0 291.0 1115.0 large-vehicle
P0004 0.461 142.0 370.0 138.0 349.0 237.0 333.0 241.0 354.0 large-vehicle
P0004 0.458 304.0 181.0 293.0 84.0 313.0 82.0 324.0 179.0 large-vehicle
P0004 0.451 149.0 415.0 146.0 395.0 240.0 382.0 243.0 402.0 large-vehicle
P0004 0.448 348.0 184.0 340.0 87.0 359.0 85.0 367.0 182.0 large-vehicle
P0004 0.437 459.0 187.0 457.0 91.0 478.0 90.0 480.0 186.0 large-vehicle
P0004 0.436 508.0 402.0 507.0 380.0 635.0 371.0 636.0 393.0 large-vehicle
P0004 0.435 135.0 346.0 132.0 327.0 228.0 313.0 231.0 332.0 large-vehicle
P0004 0.433 511.0 222.0 508.0 199.0 622.0 183.0 625.0 206.0 large-vehicle
P0004 0.428 248.0 187.0 233.0 91.0 255.0 88.0 270.0 184.0 large-vehicle
P0004 0.425 124.0 324.0 122.0 303.0 221.0 291.0 223.0 312.0 large-vehicle
P0004 0.422 285.0 183.0 273.0 87.0 294.0 84.0 306.0 180.0 large-vehicle
P0004 0.415 609.0 685.0 525.0 679.0 526.0 658.0 610.0 664.0 large-vehicle
P0004 0.415 505.0 336.0 503.0 314.0 622.0 303.0 624.0 325.0 large-vehicle
P0004 0.407 74.0 452.0 67.0 379.0 91.0 377.0 98.0 450.0 large-vehicle
P0004 0.391 633.0 645.0 512.0 637.0 514.0 616.0 635.0 624.0 large-vehicle
P0004 0.385 33.0 355.0 31.0 324.0 44.0 324.0 46.0 355.0 small-vehicle
P0004 0.375 519.0 308.0 517.0 288.0 620.0 281.0 622.0 301.0 large-vehicle
P0004 0.374 515.0 287.0 513.0 264.0 638.0 254.0 640.0 277.0 large-vehicle
P0004 0.373 632.0 663.0 514.0 655.0 515.0 634.0 633.0 642.0 large-vehicle
P0004 0.343 515.0 196.0 498.0 183.0 560.0 107.0 577.0 120.0 large-vehicle
P0004 0.334 506.0 244.0 504.0 221.0 623.0 209.0 625.0 232.0 large-vehicle
P0004 0.326 112.0 279.0 110.0 258.0 213.0 250.0 215.0 271.0 large-vehicle
P0004 0.32 818.0 196.0 807.0 196.0 809.0 161.0 820.0 161.0 small-vehicle
P0004 0.31 375.0 711.0 320.0 710.0 320.0 690.0 375.0 691.0 large-vehicle
P0004 0.31 480.0 184.0 477.0 89.0 497.0 89.0 500.0 184.0 large-vehicle
P0004 0.303 438.0 189.0 437.0 95.0 457.0 94.0 458.0 188.0 large-vehicle
P0004 0.298 815.0 284.0 805.0 284.0 806.0 247.0 816.0 247.0 small-vehicle
P0004 0.276 508.0 266.0 506.0 244.0 631.0 231.0 633.0 253.0 large-vehicle
P0004 0.266 199.0 15.0 159.0 14.0 160.0 4.0 200.0 5.0 small-vehicle
P0004 0.254 822.0 76.0 812.0 75.0 813.0 43.0 823.0 44.0 small-vehicle
