P0003 0.774 1056.0 663.0 1037.0 628.0 1053.0 620.0 1072.0 655.0 small-vehicle
P0003 0.757 572.0 327.0 552.0 231.0 575.0 226.0 595.0 322.0 large-vehicle
P0003 0.73 629.0 605.0 532.0 604.0 532.0 580.0 629.0 581.0 large-vehicle
P0003 0.73 301.0 524.0 212.0 475.0 224.0 453.0 313.0 502.0 large-vehicle
P0003 0.727 539.0 334.0 522.0 233.0 546.0 229.0 563.0 330.0 large-vehicle
P0003 0.727 372.0 365.0 351.0 265.0 375.0 260.0 396.0 360.0 large-vehicle
P0003 0.722 658.0 308.0 639.0 209.0 661.0 205.0 680.0 304.0 large-vehicle
P0003 0.716 602.0 324.0 582.0 221.0 607.0 217.0 627.0 320.0 large-vehicle
P0003 0.713 337.0 361.0 322.0 274.0 346.0 270.0 361.0 357.0 large-vehicle
P0003 0.71 303.0 357.0 289.0 273.0 314.0 268.0 328.0 352.0 large-vehicle
P0003 0.709 497.0 341.0 475.0 239.0 498.0 234.0 520.0 336.0 large-vehicle
P0003 0.708 397.0 357.0 379.0 254.0 404.0 250.0 422.0 353.0 large-vehicle
P0003 0.685 771.0 574.0 764.0 551.0 858.0 523.0 865.0 546.0 large-vehicle
P0003 0.665 818.0 900.0 811.0 797.0 835.0 795.0 842.0 898.0 large-vehicle
P0003 0.664 328.0 851.0 272.0 843.0 275.0 820.0 331.0 828.0 large-vehicle
P0003 0.659 12.0 809.0 10.0 789.0 47.0 786.0 49.0 806.0 small-vehicle
P0003 0.659 1002.0 548.0 986.0 511.0 1005.0 503.0 1021.0 540.0 small-vehicle
P0003 0.646 598.0 576.0 597.0 553.0 659.0 553.0 660.0 576.0 large-vehicle
P0003 0.643 1099.0 1011.0 1085.0 1004.0 1104.0 970.0 1118.0 977.0 small-vehicle
P0003 0.641 1107.0 666.0 1087.0 632.0 1102.0 623.0 1122.0 657.0 small-vehicle
P0003 0.637 782.0 904.0 754.0 903.0 757.0 815.0 785.0 816.0 large-vehicle
P0003 0.637 635.0 522.0 573.0 518.0 574.0 495.0 636.0 499.0 large-vehicle
P0003 0.632 964.0 462.0 949.0 424.0 967.0 417.0 982.0 455.0 small-vehicle
P0003 0.611 567.0 550.0 566.0 527.0 624.0 527.0 625.0 550.0 large-vehicle
P0003 0.595 238.0 328.0 189.0 299.0 201.0 279.0 250.0 308.0 large-vehicle
P0003 0.591 1107.0 757.0 1083.0 714.0 1100.0 704.0 1124.0 747.0 small-vehicle
P0003 0.589 329.0 664.0 231.0 610.0 242.0 589.0 340.0 643.0 large-vehicle
P0003 0.574 1091.0 986.0 1077.0 978.0 1092.0 949.0 1106.0 957.0 small-vehicle
P0003 0.572 240.0 390.0 187.0 364.0 197.0 343.0 250.0 369.0 large-vehicle
P0003 0.572 317.0 820.0 265.0 794.0 276.0 773.0 328.0 799.0 large-vehicle
P0003 0.568 969.0 191.0 955.0 157.0 972.0 150.0 986.0 184.0 small-vehicle
P0003 0.551 502.0 550.0 501.0 526.0 561.0 521.0 562.0 545.0 large-vehicle
P0003 0.547 694.0 962.0 629.0 958.0 631.0 933.0 696.0 937.0 large-vehicle
P0003 0.544 789.0 893.0 785.0 831.0 810.0 830.0 814.0 892.0 large-vehicle
P0003 0.519 -1.0 957.0 -2.0 936.0 43.0 934.0 44.0 955.0 large-vehicle
P0003 0.517 537.0 487.0 474.0 486.0 474.0 462.0 537.0 463.0 large-vehicle
P0003 0.512 869.0 906.0 843.0 904.0 846.0 843.0 872.0 845.0 large-vehicle
P0003 0.502 247.0 430.0 196.0 403.0 208.0 381.0 259.0 408.0 large-vehicle
P0003 0.501 937.0 912.0 918.0 911.0 920.0 873.0 939.0 874.0 small-vehicle
P0003 0.501 837.0 627.0 829.0 606.0 884.0 584.0 892.0 605.0 large-vehicle
P0003 0.49 305.0 711.0 252.0 685.0 262.0 664.0 315.0 690.0 large-vehicle
P0003 0.453 256.0 462.0 203.0 437.0 213.0 415.0 266.0 440.0 large-vehicle
P0003 0.449 548.0 517.0 487.0 516.0 487.0 492.0 548.0 493.0 large-vehicle
P0003 0.436 323.0 628.0 228.0 577.0 240.0 555.0 335.0 606.0 large-vehicle
P0003 0.42 4.0 885.0 3.0 864.0 43.0 862.0 44.0 883.0 large-vehicle
P0003 0.413 306.0 783.0 265.0 759.0 277.0 740.0 318.0 764.0 large-vehicle
P0003 0.383 41.0 658.0 9.0 657.0 10.0 637.0 42.0 638.0 small-vehicle
P0003 0.378 0.0 932.0 0.0 913.0 39.0 911.0 40.0 930.0 large-vehicle
P0003 0.369 2.0 910.0 0.0 890.0 41.0 887.0 43.0 907.0 large-vehicle
P0003 0.367 -5.0 980.0 -6.0 961.0 43.0 959.0 44.0 978.0 large-vehicle
P0003 0.364 178.0 155.0 170.0 92.0 197.0 88.0 205.0 151.0 large-vehicle
P0003 0.345 6.0 860.0 5.0 841.0 35.0 839.0 36.0 858.0 large-vehicle
P0003 0.31 737.0 908.0 712.0 906.0 716.0 847.0 741.0 849.0 large-vehicle
P0003 0.277 157.0 93.0 142.0 5.0 170.0 0.0 185.0 88.0 large-vehicle
