P0007 0.789 415.0 475.0 409.0 461.0 440.0 448.0 446.0 462.0 small-vehicle
P0007 0.781 663.0 1596.0 479.0 1590.0 480.0 1565.0 664.0 1571.0 large-vehicle
P0007 0.772 357.0 1376.0 173.0 1370.0 174.0 1347.0 358.0 1353.0 large-vehicle
P0007 0.771 337.0 1813.0 157.0 1804.0 158.0 1780.0 338.0 1789.0 large-vehicle
P0007 0.771 414.0 384.0 407.0 369.0 441.0 355.0 448.0 370.0 small-vehicle
P0007 0.77 1193.0 1164.0 1068.0 1029.0 1086.0 1013.0 1211.0 1148.0 large-vehicle
P0007 0.77 1141.0 1694.0 953.0 1687.0 954.0 1659.0 1142.0 1666.0 large-vehicle
P0007 0.768 655.0 1649.0 473.0 1643.0 474.0 1618.0 656.0 1624.0 large-vehicle
P0007 0.768 354.0 1523.0 165.0 1512.0 167.0 1488.0 356.0 1499.0 large-vehicle
P0007 0.768 1189.0 1071.0 1073.0 932.0 1092.0 916.0 1208.0 1055.0 large-vehicle
P0007 0.768 1176.0 1230.0 1056.0 1097.0 1075.0 1081.0 1195.0 1214.0 large-vehicle
P0007 0.767 1153.0 1406.0 965.0 1395.0 966.0 1371.0 1154.0 1382.0 large-vehicle
P0007 0.765 373.0 425.0 367.0 410.0 400.0 396.0 406.0 411.0 small-vehicle
P0007 0.763 843.0 1517.0 672.0 1505.0 674.0 1480.0 845.0 1492.0 large-vehicle
P0007 0.758 1143.0 1636.0 966.0 1623.0 968.0 1599.0 1145.0 1612.0 large-vehicle
P0007 0.757 350.0 1405.0 174.0 1395.0 175.0 1372.0 351.0 1382.0 large-vehicle
P0007 0.754 347.0 1435.0 171.0 1425.0 172.0 1402.0 348.0 1412.0 large-vehicle
P0007 0.754 1244.0 294.0 1055.0 280.0 1057.0 255.0 1246.0 269.0 large-vehicle
P0007 0.753 1145.0 1522.0 959.0 1512.0 960.0 1487.0 1146.0 1497.0 large-vehicle
P0007 0.753 675.0 1424.0 489.0 1414.0 490.0 1389.0 676.0 1399.0 large-vehicle
P0007 0.752 850.0 1487.0 669.0 1478.0 671.0 1452.0 852.0 1461.0 large-vehicle
P0007 0.75 674.0 1536.0 488.0 1530.0 489.0 1505.0 675.0 1511.0 large-vehicle
P0007 0.75 1223.0 608.0 1062.0 511.0 1076.0 487.0 1237.0 584.0 large-vehicle
P0007 0.75 1157.0 1349.0 972.0 1336.0 974.0 1312.0 1159.0 1325.0 large-vehicle
P0007 0.749 344.0 1693.0 154.0 1686.0 155.0 1664.0 345.0 1671.0 large-vehicle
P0007 0.748 1251.0 229.0 1060.0 226.0 1060.0 202.0 1251.0 205.0 large-vehicle
P0007 0.747 361.0 1348.0 175.0 1338.0 176.0 1315.0 362.0 1325.0 large-vehicle
P0007 0.747 1250.0 259.0 1056.0 255.0 1057.0 230.0 1251.0 234.0 large-vehicle
P0007 0.747 355.0 1493.0 169.0 1483.0 170.0 1460.0 356.0 1470.0 large-vehicle
P0007 0.746 672.0 1567.0 485.0 1557.0 487.0 1532.0 674.0 1542.0 large-vehicle
P0007 0.746 347.0 1549.0 163.0 1539.0 164.0 1518.0 348.0 1528.0 large-vehicle
P0007 0.745 1147.0 1607.0 962.0 1597.0 964.0 1572.0 1149.0 1582.0 large-vehicle
P0007 0.745 673.0 1483.0 489.0 1474.0 490.0 1448.0 674.0 1457.0 large-vehicle
P0007 0.744 1149.0 1549.0 962.0 1539.0 964.0 1514.0 1151.0 1524.0 large-vehicle
P0007 0.743 853.0 1574.0 672.0 1565.0 674.0 1539.0 855.0 1548.0 large-vehicle
P0007 0.742 1240.0 345.0 1051.0 301.0 1057.0 276.0 1246.0 320.0 large-vehicle
P0007 0.742 1196.0 1027.0 1078.0 881.0 1099.0 864.0 1217.0 1010.0 large-vehicle
P0007 0.739 853.0 1625.0 830.0 1605.0 948.0 1470.0 971.0 1490.0 large-vehicle
P0007 0.739 361.0 1292.0 179.0 1288.0 180.0 1263.0 362.0 1267.0 large-vehicle
P0007 0.738 1207.0 842.0 1064.0 722.0 1082.0 701.0 1225.0 821.0 large-vehicle
P0007 0.737 906.0 815.0 741.0 803.0 743.0 776.0 908.0 788.0 large-vehicle
P0007 0.736 1250.0 199.0 1063.0 198.0 1063.0 174.0 1250.0 175.0 large-vehicle
P0007 0.735 1214.0 725.0 1066.0 609.0 1083.0 588.0 1231.0 704.0 large-vehicle
P0007 0.733 331.0 1853.0 147.0 1849.0 148.0 1824.0 332.0 1828.0 large-vehicle
P0007 0.731 1143.0 1664.0 953.0 1653.0 954.0 1627.0 1144.0 1638.0 large-vehicle
P0007 0.73 352.0 1463.0 172.0 1456.0 173.0 1432.0 353.0 1439.0 large-vehicle
P0007 0.73 843.0 1632.0 658.0 1622.0 660.0 1595.0 845.0 1605.0 large-vehicle
P0007 0.728 678.0 1370.0 490.0 1366.0 491.0 1341.0 679.0 1345.0 large-vehicle
P0007 0.728 415.0 357.0 409.0 343.0 444.0 328.0 450.0 342.0 small-vehicle
P0007 0.726 1236.0 381.0 1054.0 332.0 1061.0 306.0 1243.0 355.0 large-vehicle
P0007 0.726 914.0 856.0 735.0 846.0 737.0 819.0 916.0 829.0 large-vehicle
P0007 0.723 664.0 1682.0 476.0 1671.0 477.0 1645.0 665.0 1656.0 large-vehicle
P0007 0.72 419.0 500.0 412.0 485.0 448.0 467.0 455.0 482.0 small-vehicle
P0007 0.719 1353.0 1856.0 1335.0 1856.0 1336.0 1819.0 1354.0 1819.0 small-vehicle
P0007 0.718 413.0 455.0 407.0 440.0 444.0 424.0 450.0 439.0 small-vehicle
P0007 0.716 680.0 1399.0 490.0 1388.0 491.0 1362.0 681.0 1373.0 large-vehicle
P0007 0.716 1224.0 683.0 1070.0 571.0 1085.0 550.0 1239.0 662.0 large-vehicle
P0007 0.716 1234.0 945.0 1096.0 821.0 1115.0 800.0 1253.0 924.0 large-vehicle
P0007 0.716 1156.0 1375.0 966.0 1365.0 967.0 1342.0 1157.0 1352.0 large-vehicle
P0007 0.715 960.0 687.0 926.0 685.0 935.0 514.0 969.0 516.0 large-vehicle
P0007 0.714 856.0 1371.0 674.0 1370.0 675.0 1346.0 857.0 1347.0 large-vehicle
P0007 0.713 1000.0 483.0 968.0 482.0 971.0 304.0 1003.0 305.0 large-vehicle
P0007 0.713 844.0 1457.0 662.0 1448.0 663.0 1422.0 845.0 1431.0 large-vehicle
P0007 0.711 841.0 1662.0 659.0 1652.0 660.0 1625.0 842.0 1635.0 large-vehicle
P0007 0.711 343.0 1666.0 160.0 1657.0 162.0 1633.0 345.0 1642.0 large-vehicle
P0007 0.71 655.0 1711.0 473.0 1701.0 474.0 1674.0 656.0 1684.0 large-vehicle
P0007 0.709 1130.0 1845.0 940.0 1835.0 941.0 1808.0 1131.0 1818.0 large-vehicle
P0007 0.708 1159.0 1287.0 1026.0 1179.0 1042.0 1160.0 1175.0 1268.0 large-vehicle
P0007 0.708 1423.0 1995.0 1403.0 1995.0 1404.0 1952.0 1424.0 1952.0 small-vehicle
P0007 0.708 903.0 899.0 744.0 888.0 746.0 862.0 905.0 873.0 large-vehicle
P0007 0.703 1169.0 1256.0 1048.0 1150.0 1064.0 1131.0 1185.0 1237.0 large-vehicle
P0007 0.702 1149.0 1436.0 965.0 1426.0 966.0 1401.0 1150.0 1411.0 large-vehicle
P0007 0.702 848.0 1344.0 658.0 1337.0 659.0 1313.0 849.0 1320.0 large-vehicle
P0007 0.702 906.0 1125.0 744.0 1121.0 745.0 1096.0 907.0 1100.0 large-vehicle
P0007 0.698 1375.0 1993.0 1355.0 1991.0 1358.0 1946.0 1378.0 1948.0 small-vehicle
P0007 0.697 1413.0 1430.0 1394.0 1429.0 1396.0 1389.0 1415.0 1390.0 small-vehicle
P0007 0.693 674.0 1509.0 488.0 1503.0 489.0 1478.0 675.0 1484.0 large-vehicle
P0007 0.69 567.0 1035.0 380.0 1035.0 380.0 1006.0 567.0 1006.0 large-vehicle
P0007 0.686 345.0 1638.0 163.0 1631.0 164.0 1607.0 346.0 1614.0 large-vehicle
P0007 0.685 335.0 1781.0 154.0 1777.0 154.0 1752.0 335.0 1756.0 large-vehicle
P0007 0.684 630.0 960.0 524.0 957.0 525.0 931.0 631.0 934.0 large-vehicle
P0007 0.681 1247.0 448.0 1069.0 393.0 1076.0 369.0 1254.0 424.0 large-vehicle
P0007 0.681 853.0 1402.0 679.0 1396.0 680.0 1371.0 854.0 1377.0 large-vehicle
P0007 0.678 1179.0 160.0 1076.0 152.0 1078.0 129.0 1181.0 137.0 large-vehicle
P0007 0.674 1220.0 809.0 1075.0 692.0 1091.0 672.0 1236.0 789.0 large-vehicle
P0007 0.674 1352.0 1985.0 1334.0 1984.0 1337.0 1944.0 1355.0 1945.0 small-vehicle
P0007 0.674 1375.0 1858.0 1358.0 1858.0 1360.0 1823.0 1377.0 1823.0 small-vehicle
P0007 0.669 370.0 448.0 363.0 434.0 397.0 419.0 404.0 433.0 small-vehicle
P0007 0.667 1202.0 977.0 1080.0 841.0 1101.0 823.0 1223.0 958.0 large-vehicle
P0007 0.663 373.0 497.0 366.0 482.0 402.0 466.0 409.0 481.0 small-vehicle
P0007 0.663 415.0 407.0 408.0 393.0 444.0 376.0 451.0 390.0 small-vehicle
P0007 0.66 840.0 1717.0 652.0 1711.0 653.0 1684.0 841.0 1690.0 large-vehicle
P0007 0.659 661.0 1626.0 475.0 1616.0 476.0 1593.0 662.0 1603.0 large-vehicle
P0007 0.658 1387.0 2128.0 1367.0 2126.0 1370.0 2085.0 1390.0 2087.0 small-vehicle
P0007 0.658 369.0 403.0 362.0 388.0 398.0 372.0 405.0 387.0 small-vehicle
P0007 0.654 966.0 480.0 938.0 479.0 945.0 307.0 973.0 308.0 large-vehicle
P0007 0.653 1229.0 500.0 1079.0 457.0 1086.0 435.0 1236.0 478.0 large-vehicle
P0007 0.652 91.0 264.0 70.0 263.0 72.0 223.0 93.0 224.0 small-vehicle
P0007 0.652 1375.0 271.0 1368.0 257.0 1400.0 242.0 1407.0 256.0 small-vehicle
P0007 0.65 887.0 478.0 859.0 477.0 864.0 337.0 892.0 338.0 large-vehicle
P0007 0.646 338.0 1578.0 172.0 1569.0 173.0 1547.0 339.0 1556.0 large-vehicle
P0007 0.645 1373.0 380.0 1362.0 363.0 1400.0 337.0 1411.0 354.0 small-vehicle
P0007 0.644 415.0 312.0 409.0 294.0 452.0 279.0 458.0 297.0 small-vehicle
P0007 0.643 938.0 484.0 908.0 482.0 917.0 305.0 947.0 307.0 large-vehicle
P0007 0.638 1366.0 1507.0 1325.0 1506.0 1325.0 1488.0 1366.0 1489.0 small-vehicle
P0007 0.636 417.0 426.0 411.0 413.0 446.0 397.0 452.0 410.0 small-vehicle
P0007 0.636 1197.0 1209.0 1069.0 1076.0 1086.0 1060.0 1214.0 1193.0 large-vehicle
P0007 0.631 1038.0 793.0 1000.0 791.0 1005.0 630.0 1043.0 632.0 large-vehicle
P0007 0.63 1308.0 1122.0 1290.0 1122.0 1291.0 1077.0 1309.0 1077.0 small-vehicle
P0007 0.628 284.0 446.0 219.0 443.0 221.0 421.0 286.0 424.0 large-vehicle
P0007 0.626 1142.0 1464.0 969.0 1454.0 971.0 1429.0 1144.0 1439.0 large-vehicle
P0007 0.626 1141.0 1785.0 940.0 1770.0 942.0 1742.0 1143.0 1757.0 large-vehicle
P0007 0.625 1213.0 766.0 1080.0 662.0 1096.0 643.0 1229.0 747.0 large-vehicle
P0007 0.62 1368.0 412.0 1357.0 396.0 1391.0 373.0 1402.0 389.0 small-vehicle
P0007 0.618 337.0 1607.0 163.0 1597.0 164.0 1572.0 338.0 1582.0 large-vehicle
P0007 0.616 615.0 426.0 579.0 425.0 580.0 409.0 616.0 410.0 small-vehicle
P0007 0.616 1149.0 1578.0 960.0 1567.0 962.0 1543.0 1151.0 1554.0 large-vehicle
P0007 0.614 1199.0 1126.0 1070.0 996.0 1086.0 981.0 1215.0 1111.0 large-vehicle
P0007 0.612 362.0 1264.0 183.0 1257.0 183.0 1233.0 362.0 1240.0 large-vehicle
P0007 0.611 1136.0 1808.0 940.0 1801.0 941.0 1773.0 1137.0 1780.0 large-vehicle
P0007 0.6 850.0 1088.0 839.0 1051.0 1017.0 997.0 1028.0 1034.0 large-vehicle
P0007 0.596 1394.0 1428.0 1377.0 1427.0 1377.0 1389.0 1394.0 1390.0 small-vehicle
P0007 0.596 365.0 1319.0 180.0 1312.0 180.0 1290.0 365.0 1297.0 large-vehicle
P0007 0.596 1373.0 1392.0 1336.0 1391.0 1336.0 1375.0 1373.0 1376.0 small-vehicle
P0007 0.587 780.0 1742.0 606.0 1736.0 607.0 1709.0 781.0 1715.0 large-vehicle
P0007 0.586 1368.0 1529.0 1330.0 1528.0 1331.0 1510.0 1369.0 1511.0 small-vehicle
P0007 0.583 884.0 659.0 856.0 658.0 863.0 530.0 891.0 531.0 large-vehicle
P0007 0.577 1311.0 1069.0 1294.0 1069.0 1294.0 1026.0 1311.0 1026.0 small-vehicle
P0007 0.576 606.0 733.0 569.0 731.0 569.0 714.0 606.0 716.0 small-vehicle
P0007 0.576 332.0 1882.0 154.0 1875.0 155.0 1851.0 333.0 1858.0 large-vehicle
P0007 0.56 623.0 1118.0 511.0 1114.0 512.0 1089.0 624.0 1093.0 large-vehicle
P0007 0.556 1376.0 294.0 1368.0 280.0 1401.0 261.0 1409.0 275.0 small-vehicle
P0007 0.55 1400.0 992.0 1366.0 990.0 1367.0 975.0 1401.0 977.0 small-vehicle
P0007 0.544 554.0 1733.0 477.0 1732.0 477.0 1708.0 554.0 1709.0 large-vehicle
P0007 0.544 948.0 164.0 944.0 146.0 983.0 137.0 987.0 155.0 small-vehicle
P0007 0.538 1364.0 442.0 1355.0 428.0 1383.0 409.0 1392.0 423.0 small-vehicle
P0007 0.535 1424.0 2136.0 1405.0 2135.0 1405.0 2095.0 1424.0 2096.0 small-vehicle
P0007 0.523 338.0 1719.0 150.0 1712.0 151.0 1688.0 339.0 1695.0 large-vehicle
P0007 0.52 1436.0 1205.0 1417.0 1204.0 1419.0 1166.0 1438.0 1167.0 small-vehicle
P0007 0.518 1411.0 1204.0 1386.0 1202.0 1392.0 1111.0 1417.0 1113.0 large-vehicle
P0007 0.502 1413.0 1081.0 1397.0 1081.0 1398.0 1042.0 1414.0 1042.0 small-vehicle
P0007 0.5 1240.0 471.0 1060.0 420.0 1067.0 398.0 1247.0 449.0 large-vehicle
P0007 0.493 1404.0 969.0 1366.0 968.0 1367.0 954.0 1405.0 955.0 small-vehicle
P0007 0.49 57.0 1919.0 26.0 1917.0 38.0 1746.0 69.0 1748.0 large-vehicle
P0007 0.484 206.0 799.0 206.0 780.0 249.0 778.0 249.0 797.0 small-vehicle
P0007 0.482 93.0 169.0 72.0 167.0 74.0 120.0 95.0 122.0 small-vehicle
P0007 0.471 227.0 338.0 227.0 320.0 266.0 319.0 266.0 337.0 small-vehicle
P0007 0.469 1365.0 472.0 1355.0 455.0 1392.0 431.0 1402.0 448.0 small-vehicle
P0007 0.461 130.0 565.0 129.0 546.0 179.0 542.0 180.0 561.0 small-vehicle
P0007 0.459 913.0 656.0 893.0 654.0 898.0 607.0 918.0 609.0 small-vehicle
P0007 0.45 1372.0 1432.0 1333.0 1430.0 1335.0 1413.0 1374.0 1415.0 small-vehicle
P0007 0.449 1359.0 354.0 1341.0 352.0 1344.0 311.0 1362.0 313.0 small-vehicle
P0007 0.434 1433.0 1431.0 1413.0 1430.0 1416.0 1392.0 1436.0 1393.0 small-vehicle
P0007 0.413 490.0 198.0 464.0 198.0 465.0 139.0 491.0 139.0 small-vehicle
P0007 0.407 1387.0 1195.0 1362.0 1194.0 1366.0 1112.0 1391.0 1113.0 large-vehicle
P0007 0.397 1372.0 347.0 1363.0 333.0 1397.0 310.0 1406.0 324.0 small-vehicle
P0007 0.396 1443.0 1002.0 1403.0 1000.0 1404.0 983.0 1444.0 985.0 small-vehicle
P0007 0.372 1377.0 245.0 1368.0 228.0 1410.0 204.0 1419.0 221.0 small-vehicle
P0007 0.352 785.0 377.0 781.0 332.0 802.0 330.0 806.0 375.0 small-vehicle
P0007 0.346 382.0 2103.0 353.0 2079.0 367.0 2062.0 396.0 2086.0 small-vehicle
P0007 0.338 362.0 211.0 335.0 210.0 337.0 158.0 364.0 159.0 small-vehicle
P0007 0.336 555.0 195.0 528.0 193.0 532.0 130.0 559.0 132.0 small-vehicle
P0007 0.335 1470.0 510.0 1436.0 484.0 1449.0 467.0 1483.0 493.0 small-vehicle
P0007 0.334 299.0 1750.0 152.0 1742.0 154.0 1719.0 301.0 1727.0 large-vehicle
P0007 0.333 1366.0 500.0 1356.0 484.0 1397.0 459.0 1407.0 475.0 small-vehicle
P0007 0.326 1455.0 1207.0 1444.0 1207.0 1446.0 1168.0 1457.0 1168.0 small-vehicle
P0007 0.312 1478.0 327.0 1442.0 300.0 1453.0 286.0 1489.0 313.0 large-vehicle
P0007 0.311 619.0 193.0 592.0 191.0 596.0 126.0 623.0 128.0 small-vehicle
P0007 0.31 809.0 372.0 806.0 329.0 828.0 327.0 831.0 370.0 small-vehicle
P0007 0.309 1476.0 449.0 1438.0 417.0 1451.0 402.0 1489.0 434.0 small-vehicle
P0007 0.304 1376.0 183.0 1371.0 168.0 1403.0 156.0 1408.0 171.0 small-vehicle
P0007 0.3 1475.0 479.0 1444.0 450.0 1456.0 436.0 1487.0 465.0 small-vehicle
P0007 0.297 704.0 194.0 679.0 193.0 683.0 127.0 708.0 128.0 large-vehicle
P0007 0.291 835.0 1684.0 666.0 1675.0 668.0 1651.0 837.0 1660.0 large-vehicle
P0007 0.281 1479.0 419.0 1439.0 388.0 1452.0 372.0 1492.0 403.0 small-vehicle
P0007 0.279 1479.0 386.0 1452.0 363.0 1464.0 349.0 1491.0 372.0 small-vehicle
P0007 0.278 254.0 486.0 216.0 485.0 217.0 469.0 255.0 470.0 small-vehicle
P0007 0.276 758.0 374.0 756.0 333.0 777.0 331.0 779.0 372.0 small-vehicle
P0007 0.27 837.0 373.0 832.0 329.0 854.0 326.0 859.0 370.0 small-vehicle
P0007 0.254 668.0 1737.0 609.0 1735.0 609.0 1712.0 668.0 1714.0 large-vehicle
