P0019 0.698 5804.0 3658.0 5790.0 3640.0 5827.0 3611.0 5841.0 3629.0 ship
P0019 0.696 4003.0 946.0 3963.0 928.0 3972.0 907.0 4012.0 925.0 ship
P0019 0.689 262.0 394.0 246.0 353.0 265.0 345.0 281.0 386.0 small-vehicle
P0019 0.684 2853.0 454.0 2821.0 453.0 2826.0 369.0 2858.0 370.0 harbor
P0019 0.68 3894.0 3408.0 3838.0 3407.0 3839.0 3283.0 3895.0 3284.0 harbor
P0019 0.668 2177.0 500.0 2157.0 492.0 2174.0 451.0 2194.0 459.0 ship
P0019 0.66 577.0 998.0 455.0 880.0 474.0 861.0 596.0 979.0 harbor
P0019 0.653 5611.0 712.0 5599.0 682.0 5612.0 677.0 5624.0 707.0 ship
P0019 0.651 1116.0 3245.0 1110.0 3203.0 1129.0 3200.0 1135.0 3242.0 small-vehicle
P0019 0.643 6418.0 3631.0 6393.0 3630.0 6393.0 3574.0 6418.0 3575.0 small-vehicle
P0019 0.64 3833.0 159.0 3831.0 139.0 3872.0 136.0 3874.0 156.0 small-vehicle
P0019 0.639 3057.0 3463.0 3022.0 3460.0 3030.0 3350.0 3065.0 3353.0 harbor
P0019 0.639 388.0 2701.0 339.0 2686.0 345.0 2666.0 394.0 2681.0 small-vehicle
P0019 0.638 3586.0 3488.0 3576.0 3365.0 3619.0 3361.0 3629.0 3484.0 harbor
P0019 0.635 5479.0 3567.0 5473.0 3362.0 5526.0 3360.0 5532.0 3565.0 harbor
P0019 0.633 714.0 2315.0 666.0 2302.0 693.0 2202.0 741.0 2215.0 harbor
P0019 0.626 4682.0 238.0 4637.0 237.0 4637.0 217.0 4682.0 218.0 small-vehicle
P0019 0.614 2430.0 3103.0 2385.0 3091.0 2419.0 2964.0 2464.0 2976.0 harbor
P0019 0.611 1136.0 3285.0 1135.0 3240.0 1155.0 3240.0 1156.0 3285.0 small-vehicle
P0019 0.609 6154.0 2639.0 6129.0 2614.0 6141.0 2602.0 6166.0 2627.0 ship
P0019 0.604 6267.0 2873.0 6081.0 2867.0 6082.0 2822.0 6268.0 2828.0 harbor
P0019 0.603 5241.0 3470.0 5211.0 3469.0 5214.0 3355.0 5244.0 3356.0 harbor
P0019 0.603 6216.0 3124.0 6077.0 3056.0 6101.0 3007.0 6240.0 3075.0 harbor
P0019 0.603 5358.0 807.0 5319.0 801.0 5341.0 662.0 5380.0 668.0 harbor
P0019 0.6 4646.0 172.0 4644.0 151.0 4685.0 147.0 4687.0 168.0 small-vehicle
P0019 0.599 4528.0 3289.0 4486.0 3287.0 4491.0 3188.0 4533.0 3190.0 harbor
P0019 0.597 1111.0 2879.0 1110.0 2834.0 1130.0 2834.0 1131.0 2879.0 small-vehicle
P0019 0.597 849.0 3367.0 828.0 3364.0 834.0 3318.0 855.0 3321.0 small-vehicle
P0019 0.593 3328.0 739.0 3277.0 733.0 3293.0 582.0 3344.0 588.0 harbor
P0019 0.592 2183.0 3440.0 2138.0 3439.0 2138.0 3419.0 2183.0 3420.0 small-vehicle
P0019 0.592 439.0 3335.0 387.0 3328.0 390.0 3306.0 442.0 3313.0 small-vehicle
P0019 0.591 410.0 2657.0 364.0 2642.0 371.0 2622.0 417.0 2637.0 small-vehicle
P0019 0.583 5654.0 3544.0 5648.0 3431.0 5697.0 3429.0 5703.0 3542.0 harbor
P0019 0.582 468.0 1142.0 342.0 1060.0 365.0 1025.0 491.0 1107.0 harbor
P0019 0.581 6125.0 2829.0 6124.0 2812.0 6158.0 2810.0 6159.0 2827.0 ship
P0019 0.581 4021.0 915.0 3956.0 906.0 3974.0 780.0 4039.0 789.0 harbor
P0019 0.58 4203.0 220.0 4154.0 216.0 4156.0 195.0 4205.0 199.0 small-vehicle
P0019 0.577 5060.0 845.0 5057.0 676.0 5127.0 674.0 5130.0 843.0 harbor
P0019 0.577 5764.0 3462.0 5758.0 3341.0 5807.0 3339.0 5813.0 3460.0 harbor
P0019 0.576 803.0 3417.0 784.0 3414.0 792.0 3368.0 811.0 3371.0 small-vehicle
P0019 0.575 1667.0 186.0 1642.0 152.0 1660.0 139.0 1685.0 173.0 small-vehicle
P0019 0.569 479.0 2227.0 447.0 2209.0 504.0 2106.0 536.0 2124.0 harbor
P0019 0.568 1509.0 3263.0 1468.0 3259.0 1470.0 3238.0 1511.0 3242.0 small-vehicle
P0019 0.564 1785.0 2731.0 1733.0 2712.0 1776.0 2596.0 1828.0 2615.0 harbor
P0019 0.559 144.0 3291.0 140.0 3243.0 161.0 3242.0 165.0 3290.0 small-vehicle
P0019 0.558 4649.0 3325.0 4604.0 3318.0 4622.0 3192.0 4667.0 3199.0 harbor
P0019 0.558 841.0 855.0 818.0 853.0 828.0 718.0 851.0 720.0 harbor
P0019 0.554 132.0 3453.0 84.0 3448.0 87.0 3426.0 135.0 3431.0 small-vehicle
P0019 0.551 4594.0 900.0 4584.0 753.0 4633.0 749.0 4643.0 896.0 harbor
P0019 0.551 204.0 1710.0 202.0 1673.0 353.0 1663.0 355.0 1700.0 harbor
P0019 0.548 1655.0 88.0 1650.0 65.0 1704.0 53.0 1709.0 76.0 small-vehicle
P0019 0.548 6005.0 2052.0 6002.0 1992.0 6192.0 1983.0 6195.0 2043.0 harbor
P0019 0.547 2617.0 3225.0 2581.0 3213.0 2606.0 3136.0 2642.0 3148.0 harbor
P0019 0.547 4304.0 3284.0 4254.0 3283.0 4259.0 3161.0 4309.0 3162.0 harbor
P0019 0.538 1757.0 3133.0 1710.0 3132.0 1710.0 3110.0 1757.0 3111.0 small-vehicle
P0019 0.538 5216.0 762.0 5178.0 759.0 5187.0 659.0 5225.0 662.0 harbor
P0019 0.536 395.0 1311.0 271.0 1266.0 286.0 1224.0 410.0 1269.0 harbor
P0019 0.535 361.0 1527.0 171.0 1514.0 174.0 1470.0 364.0 1483.0 harbor
P0019 0.533 3425.0 778.0 3389.0 771.0 3414.0 645.0 3450.0 652.0 harbor
P0019 0.531 122.0 790.0 95.0 788.0 99.0 725.0 126.0 727.0 small-vehicle
P0019 0.527 2217.0 3010.0 2156.0 2980.0 2204.0 2881.0 2265.0 2911.0 harbor
P0019 0.52 5491.0 871.0 5449.0 861.0 5496.0 676.0 5538.0 686.0 harbor
P0019 0.518 1467.0 85.0 1445.0 44.0 1464.0 34.0 1486.0 75.0 small-vehicle
P0019 0.515 2387.0 566.0 2378.0 380.0 2440.0 377.0 2449.0 563.0 harbor
P0019 0.513 1819.0 763.0 1759.0 760.0 1770.0 544.0 1830.0 547.0 harbor
P0019 0.509 1107.0 850.0 1060.0 745.0 1088.0 733.0 1135.0 838.0 harbor
P0019 0.506 6027.0 1788.0 6026.0 1766.0 6070.0 1763.0 6071.0 1785.0 ship
P0019 0.504 3449.0 3384.0 3432.0 3379.0 3442.0 3345.0 3459.0 3350.0 ship
P0019 0.503 5779.0 3651.0 5770.0 3641.0 5792.0 3620.0 5801.0 3630.0 ship
P0019 0.496 957.0 186.0 953.0 141.0 974.0 139.0 978.0 184.0 small-vehicle
P0019 0.494 3481.0 3434.0 3429.0 3428.0 3442.0 3305.0 3494.0 3311.0 harbor
P0019 0.49 6195.0 2434.0 6021.0 2431.0 6022.0 2405.0 6196.0 2408.0 harbor
P0019 0.49 5330.0 733.0 5324.0 704.0 5341.0 700.0 5347.0 729.0 ship
P0019 0.487 3314.0 188.0 3289.0 187.0 3289.0 125.0 3314.0 126.0 small-vehicle
P0019 0.482 6070.0 2213.0 6067.0 2152.0 6233.0 2144.0 6236.0 2205.0 harbor
P0019 0.479 1410.0 147.0 1409.0 95.0 1433.0 94.0 1434.0 146.0 ship
P0019 0.475 6207.0 2644.0 6053.0 2638.0 6054.0 2587.0 6208.0 2593.0 harbor
P0019 0.469 6321.0 2782.0 6316.0 2741.0 6332.0 2739.0 6337.0 2780.0 ship
P0019 0.467 6122.0 2456.0 6063.0 2455.0 6063.0 2429.0 6122.0 2430.0 ship
P0019 0.458 3990.0 3353.0 3971.0 3329.0 3985.0 3318.0 4004.0 3342.0 ship
P0019 0.457 3963.0 3375.0 3948.0 3354.0 3960.0 3346.0 3975.0 3367.0 ship
P0019 0.449 374.0 2125.0 358.0 2100.0 441.0 2046.0 457.0 2071.0 harbor
P0019 0.447 5999.0 1775.0 5998.0 1718.0 6144.0 1714.0 6145.0 1771.0 harbor
P0019 0.443 121.0 3357.0 98.0 3355.0 102.0 3298.0 125.0 3300.0 small-vehicle
P0019 0.442 4874.0 3363.0 4869.0 3262.0 4911.0 3260.0 4916.0 3361.0 harbor
P0019 0.441 4049.0 190.0 4027.0 189.0 4028.0 139.0 4050.0 140.0 small-vehicle
P0019 0.44 553.0 943.0 514.0 907.0 532.0 888.0 571.0 924.0 ship
P0019 0.433 3881.0 260.0 3876.0 209.0 3896.0 207.0 3901.0 258.0 small-vehicle
P0019 0.431 5072.0 3405.0 5070.0 3334.0 5127.0 3332.0 5129.0 3403.0 harbor
P0019 0.414 5508.0 3423.0 5495.0 3423.0 5495.0 3400.0 5508.0 3400.0 ship
P0019 0.412 680.0 884.0 670.0 870.0 697.0 853.0 707.0 867.0 ship
P0019 0.402 876.0 3376.0 854.0 3373.0 859.0 3333.0 881.0 3336.0 small-vehicle
P0019 0.4 193.0 1477.0 166.0 1477.0 166.0 1462.0 193.0 1462.0 ship
P0019 0.4 3300.0 3497.0 3263.0 3480.0 3301.0 3398.0 3338.0 3415.0 harbor
P0019 0.375 3692.0 3444.0 3674.0 3398.0 3703.0 3387.0 3721.0 3433.0 harbor
P0019 0.374 4430.0 793.0 4428.0 774.0 4457.0 770.0 4459.0 789.0 ship
P0019 0.372 5549.0 3619.0 5537.0 3619.0 5538.0 3584.0 5550.0 3584.0 ship
P0019 0.367 5500.0 3447.0 5500.0 3424.0 5511.0 3424.0 5511.0 3447.0 ship
P0019 0.365 961.0 833.0 937.0 832.0 944.0 740.0 968.0 741.0 harbor
P0019 0.361 4199.0 195.0 4145.0 188.0 4148.0 166.0 4202.0 173.0 small-vehicle
P0019 0.36 4798.0 741.0 4795.0 694.0 4813.0 694.0 4816.0 741.0 harbor
P0019 0.349 5197.0 260.0 5176.0 260.0 5176.0 213.0 5197.0 213.0 small-vehicle
P0019 0.348 4783.0 3366.0 4767.0 3366.0 4768.0 3335.0 4784.0 3335.0 ship
P0019 0.347 3650.0 3460.0 3633.0 3435.0 3647.0 3425.0 3664.0 3450.0 ship
P0019 0.344 573.0 2241.0 535.0 2216.0 586.0 2140.0 624.0 2165.0 harbor
P0019 0.341 2655.0 422.0 2638.0 420.0 2642.0 375.0 2659.0 377.0 harbor
P0019 0.325 2322.0 3090.0 2284.0 3044.0 2303.0 3029.0 2341.0 3075.0 ship
P0019 0.324 4538.0 179.0 4521.0 171.0 4537.0 136.0 4554.0 144.0 small-vehicle
P0019 0.32 178.0 1676.0 175.0 1653.0 187.0 1651.0 190.0 1674.0 ship
P0019 0.32 195.0 1681.0 183.0 1651.0 198.0 1645.0 210.0 1674.0 ship
P0019 0.319 5693.0 685.0 5679.0 685.0 5680.0 662.0 5694.0 662.0 ship
P0019 0.311 3558.0 3521.0 3553.0 3506.0 3579.0 3498.0 3584.0 3513.0 ship
P0019 0.301 1512.0 641.0 1509.0 629.0 1537.0 622.0 1540.0 634.0 ship
P0019 0.298 6527.0 1806.0 6504.0 1804.0 6512.0 1701.0 6535.0 1703.0 harbor
P0019 0.296 657.0 899.0 616.0 755.0 646.0 746.0 687.0 890.0 harbor
P0019 0.296 3557.0 3423.0 3552.0 3371.0 3580.0 3368.0 3585.0 3420.0 ship
P0019 0.281 1424.0 712.0 1410.0 711.0 1411.0 681.0 1425.0 682.0 ship
P0019 0.279 1516.0 3388.0 1461.0 3383.0 1463.0 3359.0 1518.0 3364.0 small-vehicle
P0019 0.268 5001.0 667.0 4998.0 642.0 5012.0 640.0 5015.0 665.0 ship
P0019 0.267 6178.0 3263.0 5978.0 3220.0 5987.0 3178.0 6187.0 3221.0 harbor
P0019 0.264 3549.0 3508.0 3543.0 3489.0 3582.0 3477.0 3588.0 3496.0 ship
