5 0.9643367528915405 0.9784952998161316 0.07228594273328781 0.024433588609099388 2
5 0.7401146292686462 0.6586870551109314 0.16319113969802856 0.020529652014374733 2
5 0.7421874403953552 0.6323241591453552 0.16714918613433838 0.023457832634449005 2
5 0.7353334426879883 0.6039142608642578 0.16921448707580566 0.024388879537582397 3
5 0.7498196363449097 0.5483585000038147 0.16703785955905914 0.026337135583162308 1
5 0.75 0.5234375 0.16796875 0.01953125 0
5 0.7332240343093872 0.49413567781448364 0.17487289011478424 0.022479448467493057 2
5 0.8804244995117188 0.7094377279281616 0.1639878898859024 0.03352372348308563 128
5 0.961473286151886 0.9443627595901489 0.0782226026058197 0.021457569673657417 3
5 0.7334510684013367 0.7714614272117615 0.16722331941127777 0.02058212086558342 3
5 0.9622652530670166 0.9150104522705078 0.07619690895080566 0.027409860864281654 1
5 0.9691006541252136 0.8315539360046387 0.0625305101275444 0.022449977695941925 2
5 0.9699174761772156 0.7998477816581726 0.06164732575416565 0.021441202610731125 4
5 0.9739966988563538 0.7724020481109619 0.05277053266763687 0.019662443548440933 2
5 0.9718570113182068 0.7470397353172302 0.05664905160665512 0.020572105422616005 1
5 0.9713575839996338 0.7182230949401855 0.05762545391917229 0.019611191004514694 1
5 0.9738230109214783 0.6904152035713196 0.052743423730134964 0.02054046094417572 1
5 0.7460085153579712 0.7157838344573975 0.17099885642528534 0.023524124175310135 2
5 0.73354572057724 0.8012502193450928 0.1731272041797638 0.02253534644842148 3
5 0.97509765625 0.6064453125 0.0498046875 0.0234375 0
5 0.5589635968208313 0.7680786848068237 0.17783091962337494 0.022448740899562836 2
5 0.24107888340950012 0.9502200484275818 0.16706357896327972 0.02437509223818779 2
5 0.23583984375 0.9912109375 0.1748046875 0.017578125 0
5 0.6764108538627625 0.8793902397155762 0.15528573095798492 0.022471442818641663 1
5 0.5517577528953552 0.8476561307907104 0.17507998645305634 0.020530980080366135 3
5 0.563029944896698 0.820827066898346 0.17795155942440033 0.021458154544234276 3
5 0.5546875 0.79150390625 0.181640625 0.0244140625 0
5 0.56005859375 0.73974609375 0.1770167499780655 0.022459562867879868 1
5 0.7307357788085938 0.8554415106773376 0.17191939055919647 0.023498015478253365 1
5 0.56787109375 0.71142578125 0.17603696882724762 0.024465788155794144 2
5 0.5697157382965088 0.6820923089981079 0.17392686009407043 0.022546887397766113 2
5 0.56689453125 0.65478515625 0.17825734615325928 0.02249860391020775 1
5 0.5709761381149292 0.626014232635498 0.17215219140052795 0.023399759083986282 3
5 0.5670621395111084 0.5708109736442566 0.176109179854393 0.021503934636712074 3
5 0.57666015625 0.544921875 0.1758839339017868 0.023501330986618996 3
5 0.57177734375 0.5190430283546448 0.17798103392124176 0.020530913025140762 3
5 0.9710792303085327 0.6615685224533081 0.05862630158662796 0.022578608244657516 2
5 0.9753276109695435 0.5795847773551941 0.04981426149606705 0.023452140390872955 1
5 0.9086913466453552 0.2119140625 0.17345497012138367 0.0576494000852108 169
5 0.8044667840003967 0.27980491518974304 0.14946511387825012 0.020475288853049278 1
5 0.804099440574646 0.014680254273116589 0.16755089163780212 0.02149241417646408 5
5 0.805681049823761 0.05564533919095993 0.14757730066776276 0.02544815093278885 2
5 0.9765625 0.5493163466453552 0.04733265936374664 0.021479714661836624 1
5 0.9759758710861206 0.5205234289169312 0.048867177218198776 0.019515646621584892 2
5 0.97802734375 0.49072265625 0.04496431723237038 0.02248215675354004 2
5 0.23681640625 0.92041015625 0.1708984375 0.0244140625 0
5 0.24267578125 0.8603515625 0.17703045904636383 0.023414216935634613 1
5 0.2451172173023224 0.8344727158546448 0.17336168885231018 0.02249951660633087 1
5 0.24365234375 0.80712890625 0.17420412600040436 0.020595725625753403 2
5 0.2558594048023224 0.5512695908546448 0.16872473061084747 0.023398946970701218 2
5 0.048828125 0.953125 0.09577437490224838 0.02434941753745079 94
5 0.2661561369895935 0.4150228202342987 0.17058292031288147 0.024495501071214676 1
5 0.2636719048023224 0.44482421875 0.1734556406736374 0.023450683802366257 1
5 0.27001953125 0.4697265625 0.167666494846344 0.020470239222049713 2
5 0.2587890625 0.49658203125 0.17845626175403595 0.02358715794980526 4
5 0.2606464922428131 0.5263622403144836 0.16917377710342407 0.022481339052319527 3
5 0.2529296875 0.58056640625 0.1691402792930603 0.02536962553858757 2
5 0.2548828125 0.607421875 0.17396803200244904 0.02441367693245411 0
5 0.25543898344039917 0.6376713514328003 0.17215219140052795 0.019610589370131493 3
5 0.25157681107521057 0.6664846539497375 0.17209959030151367 0.023506665602326393 3
5 0.25014275312423706 0.6933499574661255 0.17383910715579987 0.025410965085029602 1
5 0.25390625 0.72216796875 0.1498277336359024 0.019584903493523598 2
5 0.2430528849363327 0.7475385069847107 0.17490284144878387 0.02251376025378704 2
5 0.24853515625 0.7817384004592896 0.16819573938846588 0.02443326637148857 2
5 0.46484375 0.19384765625 0.177734375 0.0244140625 0
