5 0.9643367528915405 0.6962687373161316 0.07228594273328781 0.024433588609099388 2
5 0.7401146292686462 0.37646055221557617 0.16319113969802856 0.020529652014374733 2
5 0.7421873807907104 0.3500976264476776 0.16714918613433838 0.023457832634449005 2
5 0.7353334426879883 0.3216877579689026 0.16921448707580566 0.024388879537582397 3
5 0.7498197555541992 0.2661319077014923 0.16703785955905914 0.026337135583162308 1
5 0.75 0.2412109375 0.16796875 0.01953125 0
5 0.7332239151000977 0.21190916001796722 0.17487289011478424 0.022479448467493057 2
5 0.880424439907074 0.42721113562583923 0.1639878898859024 0.03352372348308563 128
5 0.961473286151886 0.6621361970901489 0.0782226026058197 0.021457569673657417 3
5 0.7334510684013367 0.48923489451408386 0.16722331941127777 0.02058212086558342 3
5 0.9622653126716614 0.6327838897705078 0.07619690895080566 0.027409860864281654 1
5 0.9691005945205688 0.5493273735046387 0.0625305101275444 0.022449977695941925 2
5 0.9699174761772156 0.5176212191581726 0.06164732575416565 0.021441202610731125 4
5 0.9739966988563538 0.4901755154132843 0.05277053266763687 0.019662443548440933 2
5 0.9718570113182068 0.46481314301490784 0.05664905160665512 0.020572105422616005 1
5 0.9713576436042786 0.4359966516494751 0.05762545391917229 0.019611191004514694 1
5 0.9738229513168335 0.4081885516643524 0.052743423730134964 0.02054046094417572 1
5 0.746008574962616 0.4335573613643646 0.17099885642528534 0.023524124175310135 2
5 0.73354572057724 0.5190237164497375 0.1731272041797638 0.02253534644842148 3
5 0.97509765625 0.32421875 0.0498046875 0.0234375 0
5 0.5589636564254761 0.48585206270217896 0.17783091962337494 0.022448740899562836 2
5 0.2410789132118225 0.6679935455322266 0.16706357896327972 0.02437509223818779 2
5 0.2412109375 0.7392578721046448 0.17117168009281158 0.023457644507288933 3
5 0.236328125 0.7119140625 0.17578125 0.0234375 0
5 0.6764109134674072 0.5971636176109314 0.15528573095798492 0.022471442818641663 1
5 0.5517577528953552 0.5654296278953552 0.17507998645305634 0.020530980080366135 3
5 0.563029944896698 0.538600504398346 0.17795155942440033 0.021458154544234276 3
5 0.5546875 0.50927734375 0.181640625 0.0244140625 0
5 0.56005859375 0.45751953125 0.1770167499780655 0.022459562867879868 1
5 0.7307357788085938 0.5732149481773376 0.17191939055919647 0.023498015478253365 1
5 0.56787109375 0.4291992485523224 0.17603696882724762 0.024465788155794144 2
5 0.5697157382965088 0.3998657763004303 0.17392686009407043 0.022546887397766113 2
5 0.56689453125 0.3725586235523224 0.17825734615325928 0.02249860391020775 1
5 0.5709761381149292 0.34378767013549805 0.17215219140052795 0.023399759083986282 3
5 0.5670621395111084 0.28858450055122375 0.176109179854393 0.021503934636712074 3
5 0.57666015625 0.2626953125 0.1758839339017868 0.023501330986618996 3
5 0.57177734375 0.2368164211511612 0.17798103392124176 0.020530913025140762 3
5 0.9710792303085327 0.3793419599533081 0.05862630158662796 0.022578608244657516 2
5 0.9753276109695435 0.2973582148551941 0.04981426149606705 0.023452140390872955 1
5 0.8042498826980591 0.0034320587292313576 0.14959272742271423 0.008760538883507252 1
5 0.9765625 0.26708984375 0.04733265936374664 0.021479714661836624 1
5 0.9759759306907654 0.23829683661460876 0.048867177218198776 0.019515646621584892 2
5 0.9780272841453552 0.20849609375 0.04496431723237038 0.02248215675354004 2
5 0.23681640625 0.63818359375 0.1708984375 0.0244140625 0
5 0.24267578125 0.5781249403953552 0.17703045904636383 0.023414216935634613 1
5 0.2451171875 0.55224609375 0.17336168885231018 0.02249951660633087 1
5 0.24365234375 0.52490234375 0.17420412600040436 0.020595725625753403 2
5 0.255859375 0.2690429985523224 0.16872473061084747 0.023398946970701218 2
5 0.04686420410871506 0.7037753462791443 0.16149048507213593 0.024489909410476685 94
5 0.2661561667919159 0.13279621303081512 0.17058292031288147 0.024495501071214676 1
5 0.2636719048023224 0.1625976711511612 0.1734556406736374 0.023450683802366257 1
5 0.27001953125 0.1874999850988388 0.167666494846344 0.020470239222049713 2
5 0.2587890625 0.2143554836511612 0.17845626175403595 0.02358715794980526 4
5 0.2606464624404907 0.24413564801216125 0.16917377710342407 0.022481339052319527 3
5 0.2529296875 0.2983398735523224 0.1691402792930603 0.02536962553858757 2
5 0.2548828125 0.3251953125 0.17396803200244904 0.02441367693245411 0
5 0.25543898344039917 0.35544487833976746 0.17215219140052795 0.019610589370131493 3
5 0.25157681107521057 0.38425806164741516 0.17209959030151367 0.023506665602326393 3
5 0.25014275312423706 0.4111234247684479 0.17383910715579987 0.025410965085029602 1
5 0.25390625 0.4399414360523224 0.1498277336359024 0.019584903493523598 2
5 0.2430528998374939 0.4653119742870331 0.17490284144878387 0.02251376025378704 2
5 0.2485351711511612 0.4995117783546448 0.16819573938846588 0.02443326637148857 2
