5 0.4213867485523224 0.6894531846046448 0.0660998746752739 0.0214748103171587 2
5 0.550306499004364 0.5231940746307373 0.09783091396093369 0.018526120111346245 3
5 0.5610350966453552 0.57080078125 0.09332716464996338 0.020599376410245895 5
5 0.554731547832489 0.5937325954437256 0.12359947711229324 0.022545693442225456 5
5 0.5639649629592896 0.61572265625 0.11193808168172836 0.018508361652493477 4
5 0.5644531846046448 0.6357421875 0.11539231240749359 0.022647090256214142 6
5 0.5567818284034729 0.6592487096786499 0.08055901527404785 0.020491940900683403 6
5 0.15380859375 0.2397461086511612 0.07513821870088577 0.018784554675221443 171
5 0.16369901597499847 0.26068079471588135 0.10027933120727539 0.021683206781744957 172
5 0.1567382663488388 0.2817382514476776 0.09085740149021149 0.020714478567242622 173
5 0.1708984524011612 0.3037109673023224 0.0974060446023941 0.02225145511329174 172
5 0.17826563119888306 0.3259701430797577 0.09488573670387268 0.019749755039811134 171
5 0.18842090666294098 0.3451479375362396 0.09585248678922653 0.019898796454072 171
5 0.19287109375 0.3671875298023224 0.0948873981833458 0.01893686316907406 171
5 0.18673545122146606 0.3912515342235565 0.09328600019216537 0.019567057490348816 170
5 0.20947265625 0.4135742485523224 0.097754567861557 0.021347548812627792 174
5 0.1962890774011612 0.4414062798023224 0.11727707087993622 0.024588778614997864 173
5 0.36719629168510437 0.6215088367462158 0.09110552072525024 0.020710589364171028 97
5 0.1923828274011612 0.4692383110523224 0.12445130199193954 0.021672846749424934 170
5 0.2016429454088211 0.49121442437171936 0.10859180241823196 0.019918013364076614 169
5 0.2075195610523224 0.5156250596046448 0.09852659702301025 0.020343506708741188 167
5 0.20007731020450592 0.5442262887954712 0.11392763257026672 0.020592357963323593 166
5 0.21831944584846497 0.5781030654907227 0.09773435443639755 0.021545274183154106 178
5 0.2089748978614807 0.6045756936073303 0.11564742773771286 0.023353787139058113 175
5 0.2153332531452179 0.6284422874450684 0.09777824580669403 0.01950688287615776 177
5 0.5458967685699463 0.5463405251502991 0.12416175752878189 0.0206232201308012 3
5 0.544921875 0.5019531846046448 0.09497807174921036 0.019554901868104935 2
5 0.20098692178726196 0.6875082850456238 0.10843802243471146 0.022452738136053085 2
5 0.5561262369155884 0.47707071900367737 0.11338642984628677 0.02146444469690323 2
5 0.2817383110523224 0.130859375 0.08799365162849426 0.018784552812576294 81
5 0.302642822265625 0.12830452620983124 0.09087804704904556 0.017965730279684067 81
5 0.32421875 0.1269531100988388 0.09212395548820496 0.017818383872509003 81
5 0.3447265625 0.1333007961511612 0.0910123735666275 0.01892062835395336 82
5 0.3662109076976776 0.12890625 0.09212395548820496 0.017818383872509003 81
5 0.390625 0.1357421875 0.09104067087173462 0.019555173814296722 88
5 0.4155274033546448 0.13427734375 0.09225895255804062 0.01760033145546913 88
5 0.4384765326976776 0.1396484375 0.0894787386059761 0.017595341429114342 89
5 0.45849609375 0.13671875 0.09022579342126846 0.01659764163196087 89
5 0.47802734375 0.1337890625 0.08984375 0.0166015625 90
5 0.5263671875 0.1489257663488388 0.09327438473701477 0.017531216144561768 129
5 0.5550333857536316 0.19818559288978577 0.10885058343410492 0.019905708730220795 171
5 0.5511359572410583 0.22267933189868927 0.10901255905628204 0.0187825970351696 170
5 0.5584614276885986 0.24220752716064453 0.11782495677471161 0.019749736413359642 171
5 0.564453125 0.265625 0.11969947814941406 0.019532281905412674 174
5 0.5578886270523071 0.28860220313072205 0.09157323092222214 0.018652070313692093 173
5 0.5492691397666931 0.312453955411911 0.11291445791721344 0.019729837775230408 174
5 0.5609205961227417 0.33441972732543945 0.11153780668973923 0.019674088805913925 176
5 0.5439453125 0.3583984673023224 0.09416934847831726 0.018768515437841415 173
5 0.56005859375 0.3793945014476776 0.12065883725881577 0.019731726497411728 174
5 0.5621684193611145 0.4052385985851288 0.1270132064819336 0.021564314141869545 178
5 0.559201717376709 0.4311143755912781 0.10958841443061829 0.019493214786052704 176
5 0.548448920249939 0.4531320333480835 0.08301357179880142 0.018541917204856873 1
5 0.2226562649011612 0.6513672471046448 0.1149170994758606 0.019545087590813637 179
5 0.20925277471542358 0.7299872040748596 0.11722411960363388 0.02147766761481762 1
4 0.298828125 0.69091796875 0.0380859375 0.015625 90
5 0.410163551568985 0.045898765325546265 0.0655389279127121 0.022482138127088547 3
4 0.777316689491272 0.0908048152923584 0.03423544764518738 0.017660921439528465 93
4 0.7996839880943298 0.17510336637496948 0.03601384535431862 0.011757463216781616 103
4 0.7709875702857971 0.2248837649822235 0.0312652550637722 0.01756954751908779 92
4 0.7261670231819153 0.25224313139915466 0.03722484037280083 0.017446741461753845 95
4 0.7919921875 0.2607421875 0.033203125 0.013671875 90
4 0.7187319993972778 0.5564192533493042 0.0410272441804409 0.018595920875668526 91
4 0.0904073417186737 0.8599322438240051 0.0364612452685833 0.015615037642419338 82
4 0.11475369334220886 0.855238676071167 0.03321748226881027 0.015646956861019135 88
5 0.10834717750549316 0.9316433072090149 0.053790681064128876 0.018580369651317596 87
4 0.0620117262005806 0.935546875 0.03564963862299919 0.014886355958878994 83
4 0.11286576092243195 0.9742020964622498 0.031139958649873734 0.013791590929031372 138
4 0.0380859375 0.3310546875 0.033590711653232574 0.012689824216067791 92
4 0.0874023512005806 0.244140625 0.03234655410051346 0.014741743914783001 86
4 0.17529296875 0.00927734561264515 0.0349808894097805 0.012616058811545372 3
5 0.3413086235523224 0.6845703125 0.049387067556381226 0.020564384758472443 1
4 0.5170899033546448 0.029785167425870895 0.038878440856933594 0.01916259527206421 12
5 0.27587890625 0.0400390699505806 0.06247570738196373 0.02252841554582119 3
5 0.2109375 0.7739258408546448 0.11505330353975296 0.02150041237473488 179
5 0.21124514937400818 0.7988230586051941 0.11622733622789383 0.021497750654816628 179
5 0.2060546725988388 0.84814453125 0.11345382034778595 0.0195305235683918 0
5 0.20685850083827972 0.8696315884590149 0.126968115568161 0.022458279505372047 179
5 0.20868326723575592 0.8945105075836182 0.1270132064819336 0.019582079723477364 178
5 0.20958444476127625 0.9164808392524719 0.12704698741436005 0.019591880962252617 178
5 0.21652209758758545 0.9418894648551941 0.12503433227539062 0.02345394901931286 179
5 0.21059924364089966 0.9663028717041016 0.12704698741436005 0.017602669075131416 178
5 0.20891538262367249 0.9950321912765503 0.1255481094121933 0.019445981830358505 175
5 0.529296875 0.9155272841453552 0.16300180554389954 0.020595261827111244 176
5 0.541502833366394 0.8823010325431824 0.08212420344352722 0.020577501505613327 177
5 0.2451172173023224 0.13427734375 0.09208495169878006 0.02297426387667656 80
