5 0.4213867485523224 0.2597656548023224 0.0660998746752739 0.0214748103171587 2
5 0.5503064393997192 0.09350661933422089 0.09783091396093369 0.018526120111346245 3
5 0.56103515625 0.1411132961511612 0.09332716464996338 0.020599376410245895 5
5 0.554731547832489 0.1640450805425644 0.12359947711229324 0.022545693442225456 5
5 0.5639649033546448 0.1860351711511612 0.11193808168172836 0.018508361652493477 4
5 0.564453125 0.2060546875 0.11539231240749359 0.022647090256214142 6
5 0.5567818880081177 0.22956126928329468 0.08055901527404785 0.020491940900683403 6
5 0.19370996952056885 0.007076072506606579 0.11588221788406372 0.024483319371938705 168
5 0.367196261882782 0.19182130694389343 0.09110552072525024 0.020710589364171028 97
5 0.1923828274011612 0.03955078125 0.12445130199193954 0.021672846749424934 170
5 0.2016429454088211 0.06152692437171936 0.10859180241823196 0.019918013364076614 169
5 0.20751953125 0.0859375074505806 0.09852659702301025 0.020343506708741188 167
5 0.20007729530334473 0.11453874409198761 0.11392763257026672 0.020592357963323593 166
5 0.21831944584846497 0.148415669798851 0.09773435443639755 0.021545274183154106 178
5 0.2089748978614807 0.1748882532119751 0.11564742773771286 0.023353787139058113 175
5 0.2153332382440567 0.19875484704971313 0.09777824580669403 0.01950688287615776 177
5 0.5458967685699463 0.11665299534797668 0.12416175752878189 0.0206232201308012 3
5 0.544921875 0.0722656324505806 0.09497807174921036 0.019554901868104935 2
5 0.20098692178726196 0.2578206956386566 0.10843802243471146 0.022452738136053085 2
5 0.5561262369155884 0.047383204102516174 0.11338642984628677 0.02146444469690323 2
5 0.55859375 0.0068359375 0.109375 0.01171875 0
5 0.548448920249939 0.0234445258975029 0.08301357179880142 0.018541917204856873 1
5 0.2226562649011612 0.2216797173023224 0.1149170994758606 0.019545087590813637 179
5 0.20925277471542358 0.30029964447021484 0.11722411960363388 0.02147766761481762 1
4 0.298828125 0.26123046875 0.0380859375 0.015625 90
4 0.7187320590019226 0.12673181295394897 0.0410272441804409 0.018595920875668526 91
4 0.6997069716453552 0.67724609375 0.034695662558078766 0.01757095381617546 92
5 0.1983213573694229 0.7710167169570923 0.053746435791254044 0.02251707948744297 2
5 0.2563476860523224 0.818359375 0.05109504237771034 0.02047242410480976 3
5 0.1840522289276123 0.8145912885665894 0.05666942149400711 0.02252841927111149 3
4 0.6953998804092407 0.8150618672370911 0.04106210172176361 0.015467965044081211 93
4 0.6708984971046448 0.8666992783546448 0.0331127755343914 0.013646833598613739 93
4 0.69677734375 0.87451171875 0.0361328125 0.0146484375 90
4 0.71728515625 0.89501953125 0.03537296503782272 0.014680053107440472 93
4 0.0904073417186737 0.4302447736263275 0.0364612452685833 0.015615037642419338 82
4 0.11475369334220886 0.4255512058734894 0.03321748226881027 0.015646956861019135 88
5 0.10834717750549316 0.5019558072090149 0.053790681064128876 0.018580369651317596 87
4 0.06201171875 0.505859375 0.03564963862299919 0.014886355958878994 83
4 0.11286580562591553 0.5445145964622498 0.031139958649873734 0.013791590929031372 138
5 0.3413086235523224 0.2548828125 0.049387067556381226 0.020564384758472443 1
5 0.2109375 0.34423828125 0.11505330353975296 0.02150041237473488 179
5 0.5270938277244568 0.8203180432319641 0.12601062655448914 0.02050226926803589 1
5 0.21124513447284698 0.36913543939590454 0.11622733622789383 0.021497750654816628 179
5 0.2060546875 0.4184570610523224 0.11345382034778595 0.0195305235683918 0
5 0.20685850083827972 0.4399440884590149 0.126968115568161 0.022458279505372047 179
5 0.20868325233459473 0.4648229479789734 0.1270132064819336 0.019582079723477364 178
5 0.20958444476127625 0.48679330945014954 0.12704698741436005 0.019591880962252617 178
5 0.21652209758758545 0.5122020244598389 0.12503433227539062 0.02345394901931286 179
5 0.21059924364089966 0.5366153717041016 0.12704698741436005 0.017602669075131416 178
5 0.2080078125 0.5610352158546448 0.12549196183681488 0.019525887444615364 179
5 0.2080078125 0.58349609375 0.12533564865589142 0.020505309104919434 179
5 0.21099308133125305 0.6078847646713257 0.12611274421215057 0.018625393509864807 177
5 0.2157842218875885 0.6317466497421265 0.12603583931922913 0.0197977963835001 176
5 0.21723806858062744 0.6547610759735107 0.12518678605556488 0.019608760252594948 177
5 0.2119140475988388 0.70947265625 0.12553779780864716 0.021742695942521095 175
5 0.2119140923023224 0.7324219346046448 0.12388250231742859 0.021564962342381477 176
5 0.31493788957595825 0.806347668170929 0.1611594408750534 0.021480826660990715 91
5 0.5292968153953552 0.4858397841453552 0.16300180554389954 0.020595261827111244 176
5 0.541502833366394 0.4526135325431824 0.08212420344352722 0.020577501505613327 177
5 0.53564453125 0.6123048067092896 0.12742750346660614 0.019493799656629562 176
5 0.5268625617027283 0.6381579637527466 0.11343269795179367 0.018630806356668472 177
5 0.48623666167259216 0.7095306515693665 0.12616190314292908 0.021399900317192078 177
5 0.544921875 0.7329100966453552 0.1257076859474182 0.01979697123169899 175
5 0.5484084486961365 0.7592746615409851 0.12509535253047943 0.021506119519472122 178
5 0.5215234160423279 0.7883008122444153 0.0969100221991539 0.020476236939430237 177
