4 0.9085752964019775 0.8725804686546326 0.03721737489104271 0.0166302602738142 93
5 0.6499024629592896 0.92626953125 0.05506729334592819 0.023402713239192963 3
5 0.505859375 0.49365234375 0.0581715926527977 0.025403527542948723 179
5 0.49462890625 0.46533203125 0.056850865483284 0.021506138145923615 3
5 0.6440430283546448 0.2509765923023224 0.09859714657068253 0.024382343515753746 77
5 0.5922852158546448 0.2646484375 0.10467120260000229 0.024330688640475273 78
5 0.5605468153953552 0.2719726860523224 0.09437631070613861 0.021068686619400978 79
5 0.53076171875 0.2758789360523224 0.096087247133255 0.02328953705728054 80
5 0.48828125 0.2817383110523224 0.10014420747756958 0.02203172631561756 78
5 0.39208984375 0.29736328125 0.09827248752117157 0.021470967680215836 78
5 0.3657226860523224 0.30712890625 0.09821295738220215 0.021741647273302078 77
5 0.33544921875 0.310546875 0.0856112539768219 0.02102871797978878 81
5 0.3032373785972595 0.3057570159435272 0.08107820898294449 0.02376004308462143 81
5 0.2984226942062378 0.8183995485305786 0.05580095574259758 0.025533420965075493 4
5 0.5915916562080383 0.4964471459388733 0.06262195110321045 0.024732017889618874 4
5 0.28906142711639404 0.7794877886772156 0.05828367546200752 0.02444576285779476 31
5 0.2846679985523224 0.7426758408546448 0.047513581812381744 0.021634722128510475 32
5 0.2774199843406677 0.6745293736457825 0.055320341140031815 0.02446231059730053 21
5 0.30203038454055786 0.62535560131073 0.05285179615020752 0.022320814430713654 28
5 0.2534179985523224 0.59912109375 0.04994791001081467 0.021793309599161148 30
5 0.2991373836994171 0.5911116003990173 0.05285131186246872 0.024060538038611412 28
5 0.2506342828273773 0.5647350549697876 0.04858590289950371 0.022210698574781418 24
5 0.2578125596046448 0.4794921875 0.10177022963762283 0.023268261924386024 30
5 0.23090259730815887 0.43079715967178345 0.05875054746866226 0.02432190254330635 22
5 0.224613755941391 0.3957348167896271 0.05549246445298195 0.02057122439146042 28
5 0.2124023586511612 0.35791015625 0.05614223703742027 0.025333095341920853 27
5 0.517982006072998 0.5251022577285767 0.06104882434010506 0.02421332709491253 173
5 0.5839843153953552 0.52587890625 0.05799766629934311 0.01857711747288704 178
4 0.9470804333686829 0.16628505289554596 0.03155370056629181 0.017227595672011375 68
5 0.024854958057403564 0.8540074825286865 0.04090626537799835 0.017673786729574203 176
4 0.9801337718963623 0.5139697790145874 0.03843490034341812 0.02052011713385582 63
4 0.9428711533546448 0.4316406548023224 0.03825025260448456 0.015092479065060616 73
4 0.022928182035684586 0.9483518004417419 0.039164867252111435 0.01760523021221161 177
4 0.02148437686264515 0.9238281846046448 0.039989110082387924 0.017556194216012955 177
4 0.021599315106868744 0.9009231328964233 0.03813597932457924 0.014579198323190212 177
4 0.02221660688519478 0.8774347305297852 0.0351698100566864 0.017598463222384453 178
5 0.02001953125 0.83056640625 0.0341796875 0.0166015625 0
5 0.6171875 0.55224609375 0.05823779106140137 0.021497836336493492 179
4 0.0302734375 0.7802734971046448 0.03484757989645004 0.017650071531534195 170
4 0.02392578125 0.681640625 0.0322265625 0.015625 0
4 0.02685546875 0.6328125 0.0322265625 0.015625 0
5 0.8384005427360535 0.8553409576416016 0.05569831281900406 0.02056368626654148 92
5 0.8075980544090271 0.8292789459228516 0.09490760415792465 0.021563973277807236 86
5 0.7826026678085327 0.8428458571434021 0.0655461773276329 0.018812701106071472 87
5 0.7529202699661255 0.8397322297096252 0.08984904736280441 0.020527826622128487 91
5 0.7119141221046448 0.8579102158546448 0.05459814891219139 0.02342202328145504 92
5 0.8408203125 0.5917968153953552 0.061837099492549896 0.024905730038881302 153
5 0.7963599562644958 0.5353348255157471 0.09449975937604904 0.022222179919481277 162
5 0.5674160122871399 0.5803586840629578 0.09475870430469513 0.023503873497247696 3
5 0.218351811170578 0.29417097568511963 0.05744611844420433 0.031411513686180115 33
