4 0.7884580492973328 0.8725804686546326 0.03721737489104271 0.0166302602738142 93
5 0.5297852158546448 0.92626953125 0.05506729334592819 0.023402713239192963 3
5 0.3857421875 0.49365234375 0.0581715926527977 0.025403527542948723 179
5 0.37451171875 0.46533203125 0.056850865483284 0.021506138145923615 3
5 0.5239258408546448 0.2509766221046448 0.09859714657068253 0.024382343515753746 77
5 0.4721680283546448 0.2646484673023224 0.10467120260000229 0.024330688640475273 78
5 0.4404297173023224 0.27197265625 0.09437631070613861 0.021068686619400978 79
5 0.41064453125 0.27587890625 0.096087247133255 0.02328953705728054 80
5 0.3681640326976776 0.28173828125 0.10014420747756958 0.02203172631561756 78
5 0.27197265625 0.2973633110523224 0.09827248752117157 0.021470967680215836 78
5 0.2456054985523224 0.30712890625 0.09821295738220215 0.021741647273302078 77
5 0.2153320014476776 0.310546875 0.0856112539768219 0.02102871797978878 81
5 0.18312019109725952 0.30575698614120483 0.08107820898294449 0.02376004308462143 81
5 0.178305521607399 0.8183995485305786 0.05580095574259758 0.025533420965075493 4
5 0.4714744985103607 0.4964471459388733 0.06262195110321045 0.024732017889618874 4
5 0.16894422471523285 0.7794877886772156 0.05828367546200752 0.02444576285779476 31
5 0.16455072164535522 0.7426758408546448 0.047513581812381744 0.021634722128510475 32
5 0.15730278193950653 0.6745293736457825 0.055320341140031815 0.02446231059730053 21
5 0.18191319704055786 0.62535560131073 0.05285179615020752 0.022320814430713654 28
5 0.1333007663488388 0.59912109375 0.04994791001081467 0.021793309599161148 30
5 0.1790202409029007 0.5911116003990173 0.05285131186246872 0.024060538038611412 28
5 0.13051709532737732 0.5647350549697876 0.04858590289950371 0.022210698574781418 24
5 0.1376953423023224 0.4794921875 0.10177022963762283 0.023268261924386024 30
5 0.11078540235757828 0.43079710006713867 0.05875054746866226 0.02432190254330635 22
5 0.1044965609908104 0.3957348167896271 0.05549246445298195 0.02057122439146042 28
5 0.09228515625 0.3579101860523224 0.05614223703742027 0.025333095341920853 27
5 0.39786475896835327 0.5251022577285767 0.06104882434010506 0.02421332709491253 173
5 0.4638671875 0.5258789658546448 0.05799766629934311 0.01857711747288704 178
4 0.8269632458686829 0.16628502309322357 0.03155370056629181 0.017227595672011375 68
4 0.9464845061302185 0.9458985328674316 0.03493856266140938 0.015722353011369705 117
4 0.9560547471046448 0.96630859375 0.04119317606091499 0.017945773899555206 114
5 0.9612966775894165 0.7140809297561646 0.04716908186674118 0.018358133733272552 63
4 0.9602304100990295 0.6287502646446228 0.03985515981912613 0.021439939737319946 60
4 0.911173939704895 0.6261258721351624 0.04107371345162392 0.01785510592162609 62
4 0.8600165843963623 0.5139697790145874 0.03843490034341812 0.02052011713385582 63
4 0.8227539658546448 0.4316406846046448 0.03825025260448456 0.015092479065060616 73
5 0.4970703423023224 0.5522461533546448 0.05823779106140137 0.021497836336493492 179
5 0.7182832956314087 0.8553410768508911 0.05569831281900406 0.02056368626654148 92
5 0.6874808073043823 0.8292789459228516 0.09490760415792465 0.021563973277807236 86
5 0.6624854207038879 0.8428458571434021 0.0655461773276329 0.018812701106071472 87
5 0.6328030824661255 0.8397322297096252 0.08984904736280441 0.020527826622128487 91
5 0.5917969346046448 0.8579102158546448 0.05459814891219139 0.02342202328145504 92
5 0.720703125 0.591796875 0.061837099492549896 0.024905730038881302 153
5 0.6762428283691406 0.5353348255157471 0.09449975937604904 0.022222179919481277 162
5 0.4472987949848175 0.5803587436676025 0.09475870430469513 0.023503873497247696 3
5 0.0982346385717392 0.29417097568511963 0.05744611844420433 0.031411513686180115 33
