5 0.9072445034980774 0.3858826160430908 0.17112429440021515 0.024482158944010735 93
5 0.9326171875 0.384765625 0.17410242557525635 0.02343602105975151 91
5 0.9638671875 0.38818359375 0.1708984375 0.025390625 90
5 0.9258310794830322 0.58796226978302 0.16695548593997955 0.027361180633306503 92
5 0.99169921875 0.69091796875 0.1513671875 0.0166015625 90
5 0.8062765598297119 0.7758363485336304 0.1564452052116394 0.02452990412712097 3
5 0.80322265625 0.8203125 0.16889813542366028 0.021500244736671448 4
5 0.805681049823761 0.8603329658508301 0.14757730066776276 0.02544815093278885 2
4 0.26171875 0.010742188431322575 0.046267200261354446 0.010846522636711597 4
4 0.2434077262878418 0.32126981019973755 0.0371222198009491 0.01852257549762726 178
4 0.2314453125 0.46728515625 0.041015625 0.0185546875 0
5 0.8569336533546448 0.3979492485523224 0.13802774250507355 0.022458679974079132 91
4 0.08352874964475632 0.13890966773033142 0.045302391052246094 0.01877775974571705 97
4 0.42387640476226807 0.2900204062461853 0.046064361929893494 0.021945273503661156 159
4 0.5756836533546448 0.7080078721046448 0.03911129757761955 0.019555648788809776 3
4 0.42377281188964844 0.47400352358818054 0.04542805254459381 0.018815739080309868 155
4 0.4213867485523224 0.4033203423023224 0.04497221112251282 0.015754321590065956 155
4 0.37922370433807373 0.47152480483055115 0.04454881325364113 0.017040295526385307 154
4 0.37676262855529785 0.42436930537223816 0.04115550220012665 0.017054930329322815 156
4 0.3783283233642578 0.402138888835907 0.04283303767442703 0.01794961281120777 156
4 0.3759765326976776 0.3803710639476776 0.0435032844543457 0.015762705355882645 156
4 0.15234375 0.541015625 0.050120167434215546 0.020529771223664284 177
4 0.9433881640434265 0.14757581055164337 0.04405432194471359 0.017290135845541954 166
4 0.07965833693742752 0.23830781877040863 0.038182180374860764 0.020531050860881805 93
4 0.4208984076976776 0.38330078125 0.045683398842811584 0.017917998135089874 154
4 0.4179688096046448 0.4521484375 0.03744284808635712 0.017952051013708115 157
4 0.4190708100795746 0.42963075637817383 0.0450173020362854 0.018345875665545464 156
4 0.4208984375 0.3349609076976776 0.041401591151952744 0.01743224821984768 157
4 0.4179687798023224 0.36279296875 0.040899865329265594 0.018501751124858856 158
5 0.4638671875 0.9931640625 0.17578125 0.013671875 0
