4 0.9043979048728943 0.16527476906776428 0.02974911592900753 0.015387474559247494 157
5 0.4521663188934326 0.3858826160430908 0.17112429440021515 0.024482158944010735 93
5 0.6826171875 0.4013671875 0.18062464892864227 0.022817539051175117 16
5 0.6701868772506714 0.33396485447883606 0.1805029809474945 0.028118398040533066 13
5 0.6663782596588135 0.3061327338218689 0.17729152739048004 0.026266014203429222 14
5 0.6718450784683228 0.2670886814594269 0.17493829131126404 0.023457758128643036 2
5 0.6769328713417053 0.23975692689418793 0.17971140146255493 0.0214656013995409 1
5 0.6772464513778687 0.21189798414707184 0.17839695513248444 0.020553313195705414 1
5 0.67919921875 0.1826171875 0.1787109375 0.0234375 0
5 0.4775390625 0.3847655951976776 0.17410242557525635 0.02343602105975151 91
5 0.6765756607055664 0.4553490877151489 0.14885452389717102 0.020988525822758675 18
5 0.5087890625 0.38818359375 0.1708984375 0.025390625 90
5 0.47075292468070984 0.5879621505737305 0.16695548593997955 0.027361180633306503 92
5 0.540536642074585 0.690792441368103 0.15239381790161133 0.02831100858747959 89
5 0.3511984646320343 0.7758363485336304 0.1564452052116394 0.02452990412712097 3
5 0.34814453125 0.8203125 0.16889813542366028 0.021500244736671448 4
5 0.350602924823761 0.8603329658508301 0.14757730066776276 0.02544815093278885 2
5 0.67138671875 0.4248046875 0.17428570985794067 0.025352541357278824 15
5 0.67024827003479 0.5339027643203735 0.18148569762706757 0.022763876244425774 33
5 0.6208438277244568 0.9865595698356628 0.05722936615347862 0.022203458473086357 47
5 0.6462405920028687 0.9566311836242676 0.13501782715320587 0.022810764610767365 49
5 0.673828125 0.6035156846046448 0.17950432002544403 0.023047706112265587 36
5 0.6641297936439514 0.9234212636947632 0.17617686092853546 0.0242563895881176 50
5 0.6688317656517029 0.8776135444641113 0.1733165979385376 0.024725288152694702 50
5 0.693359375 0.85205078125 0.17351695895195007 0.024980327114462852 42
5 0.6654631495475769 0.7547663450241089 0.1792331337928772 0.02498675510287285 41
5 0.6748844385147095 0.7250113487243652 0.17880432307720184 0.024491988122463226 40
5 0.6748629808425903 0.6890835762023926 0.16481642425060272 0.024151936173439026 41
5 0.66650390625 0.64013671875 0.18079906702041626 0.023393262177705765 40
4 0.9438557028770447 0.9690610766410828 0.0567152313888073 0.02150655910372734 3
4 0.8979248404502869 0.9604480266571045 0.03911130130290985 0.018580304458737373 3
4 0.8999035954475403 0.9394288063049316 0.03911130130290985 0.01950688287615776 3
4 0.865728497505188 0.32637545466423035 0.0468851663172245 0.0195473525673151 91
4 0.8994140625 0.3510742485523224 0.049361925572156906 0.021440839394927025 145
4 0.97543865442276 0.41757744550704956 0.050678085535764694 0.019044388085603714 41
4 0.9086695313453674 0.1872888207435608 0.05681714043021202 0.018832743167877197 156
4 0.9785524606704712 0.3017129600048065 0.049633417278528214 0.01749945618212223 39
4 0.97314453125 0.4799805283546448 0.04658073931932449 0.01890692114830017 39
4 0.9765625596046448 0.4492187798023224 0.044538844376802444 0.018005065619945526 41
4 0.9761701822280884 0.3878774344921112 0.050790637731552124 0.019358649849891663 38
4 0.9062499403953552 0.220703125 0.05327147617936134 0.01963590271770954 151
4 0.9818628430366516 0.35858049988746643 0.0355474092066288 0.019155358895659447 37
4 0.8983206152915955 0.32039928436279297 0.0425785668194294 0.021681247279047966 143
4 0.8955078125 0.439453125 0.05231679230928421 0.019773848354816437 147
4 0.88671875 0.41748055815696716 0.03695693612098694 0.016248533502221107 146
4 0.89404296875 0.3837890625 0.04631529748439789 0.018417779356241226 146
4 0.9018409252166748 0.2711770832538605 0.04306851327419281 0.017891699448227882 147
4 0.9007049202919006 0.25214603543281555 0.03669487312436104 0.015755606815218925 155
5 0.40185546875 0.3979492485523224 0.13802774250507355 0.022458679974079132 91
4 0.12060546875 0.7080078721046448 0.03911129757761955 0.019555648788809776 3
4 0.4883100092411041 0.14757584035396576 0.04405432194471359 0.017290135845541954 166
5 0.048828125 0.99365234375 0.095703125 0.0126953125 0
