5 0.5604678988456726 0.9799779057502747 0.17490284144878387 0.024433070793747902 2
5 0.28503650426864624 0.658687174320221 0.16319113969802856 0.020529652014374733 2
5 0.2871093451976776 0.6323241591453552 0.16714918613433838 0.023457832634449005 2
5 0.2802553176879883 0.6039142608642578 0.16921448707580566 0.024388879537582397 3
5 0.29474157094955444 0.5483584403991699 0.16703785955905914 0.026337135583162308 1
5 0.294921875 0.5234375 0.16796875 0.01953125 0
5 0.27814584970474243 0.49413567781448364 0.17487289011478424 0.022479448467493057 2
5 0.4253462851047516 0.7094376683235168 0.1639878898859024 0.03352372348308563 128
5 0.5590820908546448 0.94677734375 0.18362905085086823 0.02253318764269352 3
5 0.2783729135990143 0.7714613676071167 0.16722331941127777 0.02058212086558342 3
5 0.5634765625 0.919921875 0.18810059130191803 0.02747364714741707 4
5 0.5711721777915955 0.8335246443748474 0.1768549084663391 0.02241625264286995 2
5 0.57177734375 0.8037109375 0.17570874094963074 0.021566901355981827 4
5 0.5756868720054626 0.7753218412399292 0.16625672578811646 0.01969327963888645 3
5 0.5764579772949219 0.7489770650863647 0.1758490651845932 0.02060837484896183 2
5 0.5774691104888916 0.7206339836120605 0.17978300154209137 0.01968001388013363 2
5 0.5803634524345398 0.6923636198043823 0.1758490651845932 0.02055414207279682 2
5 0.2909303903579712 0.7157838940620422 0.17099885642528534 0.023524124175310135 2
5 0.27846759557724 0.8012502789497375 0.1731272041797638 0.02253534644842148 3
5 0.5768000483512878 0.6088764071464539 0.16413514316082 0.023427125066518784 2
5 0.10388544946908951 0.7680787444114685 0.17783091962337494 0.022448740899562836 2
5 0.22133272886276245 0.8793901801109314 0.15528573095798492 0.022471442818641663 1
5 0.0966796875 0.8476561307907104 0.17507998645305634 0.020530980080366135 3
5 0.10795178264379501 0.820827066898346 0.17795155942440033 0.021458154544234276 3
5 0.099609375 0.79150390625 0.181640625 0.0244140625 0
5 0.1049804612994194 0.7397460341453552 0.1770167499780655 0.022459562867879868 1
5 0.275657594203949 0.8554415106773376 0.17191939055919647 0.023498015478253365 1
5 0.1127929538488388 0.7114257216453552 0.17603696882724762 0.024465788155794144 2
5 0.11463760584592819 0.6820923089981079 0.17392686009407043 0.022546887397766113 2
5 0.1118163987994194 0.65478515625 0.17825734615325928 0.02249860391020775 1
5 0.11589805781841278 0.626014232635498 0.17215219140052795 0.023399759083986282 3
5 0.11198396980762482 0.5708110332489014 0.176109179854393 0.021503934636712074 3
5 0.1215820387005806 0.544921875 0.1758839339017868 0.023501330986618996 3
5 0.1166992112994194 0.5190430283546448 0.17798103392124176 0.020530913025140762 3
5 0.574243426322937 0.6644864082336426 0.1749955415725708 0.022612949833273888 3
5 0.58251953125 0.5820313096046448 0.17411327362060547 0.02345709688961506 2
5 0.45361328125 0.2119140475988388 0.17345497012138367 0.0576494000852108 169
5 0.34938862919807434 0.27980491518974304 0.14946511387825012 0.020475288853049278 1
5 0.34902137517929077 0.01468025241047144 0.16755089163780212 0.02149241417646408 5
5 0.3506028652191162 0.055645331740379333 0.14757730066776276 0.02544815093278885 2
5 0.5849609375 0.55224609375 0.17480672895908356 0.0214677806943655 2
5 0.6603170037269592 0.22332164645195007 0.17145280539989471 0.02417381852865219 48
5 0.58447265625 0.52294921875 0.1760147213935852 0.02057456597685814 3
5 0.5869140028953552 0.4946289360523224 0.17341916263103485 0.02248026244342327 3
5 0.6222251653671265 0.3905535638332367 0.16547708213329315 0.02501220442354679 39
5 0.6357476115226746 0.36338376998901367 0.15765966475009918 0.02337311953306198 42
5 0.64453125 0.32470703125 0.17373333871364594 0.024307314306497574 48
5 0.6639481782913208 0.3026542663574219 0.17750081419944763 0.02136220596730709 46
5 0.6589551568031311 0.2595580518245697 0.17824338376522064 0.024847280234098434 47
5 0.65966796875 0.1645507514476776 0.17110326886177063 0.024385597556829453 50
5 0.6641297936439514 0.11873370409011841 0.17617686092853546 0.0242563895881176 50
5 0.6688317656517029 0.07292616367340088 0.1733165979385376 0.024725288152694702 50
5 0.693419337272644 0.048658840358257294 0.17160846292972565 0.023851804435253143 41
4 0.9179486632347107 0.5722202658653259 0.043899983167648315 0.02150655910372734 93
4 0.9404483437538147 0.35325974225997925 0.03907470032572746 0.02047700062394142 91
4 0.9438557028770447 0.16437359154224396 0.0567152313888073 0.02150655910372734 3
4 0.8979249000549316 0.1557605117559433 0.03911130130290985 0.018580304458737373 3
4 0.8999036550521851 0.13474126160144806 0.03911130130290985 0.01950688287615776 3
4 0.814453125 0.26953125 0.046875 0.01953125 90
4 0.81787109375 0.21826171875 0.0478515625 0.0224609375 90
4 0.9374798536300659 0.5746617317199707 0.04301311820745468 0.019511103630065918 93
4 0.8979426622390747 0.5720657110214233 0.04297984763979912 0.017595775425434113 91
4 0.8686928153038025 0.5471646189689636 0.04111688584089279 0.01852266862988472 3
4 0.8679688572883606 0.5850586891174316 0.03936649113893509 0.018895914778113365 7
4 0.8593981862068176 0.6582042574882507 0.042037561535835266 0.021552959457039833 3
4 0.8632802367210388 0.6801990270614624 0.04008664935827255 0.020531050860881805 3
4 0.9608923196792603 0.3559316098690033 0.04161950945854187 0.009893923066556454 93
4 0.8813477158546448 0.986328125 0.027988571673631668 0.017566924914717674 92
4 0.8588925004005432 0.9841827750205994 0.03224135562777519 0.019551867619156837 92
5 0.8916015625 0.32958984375 0.08418860286474228 0.023457562550902367 93
5 0.9179688096046448 0.3295898139476776 0.0841095820069313 0.021460624411702156 93
5 0.0498046875 0.1943359375 0.09765625 0.0234375 0
