5 0.5604678988456726 0.6977512836456299 0.17490284144878387 0.024433070793747902 2
5 0.28503650426864624 0.37646055221557617 0.16319113969802856 0.020529652014374733 2
5 0.287109375 0.35009765625 0.16714918613433838 0.023457832634449005 2
5 0.2802553176879883 0.3216877281665802 0.16921448707580566 0.024388879537582397 3
5 0.29474157094955444 0.2661319375038147 0.16703785955905914 0.026337135583162308 1
5 0.294921875 0.2412109375 0.16796875 0.01953125 0
5 0.27814584970474243 0.21190917491912842 0.17487289011478424 0.022479448467493057 2
5 0.425346314907074 0.42721113562583923 0.1639878898859024 0.03352372348308563 128
5 0.5590821504592896 0.6645508408546448 0.18362905085086823 0.02253318764269352 3
5 0.2783729135990143 0.48923489451408386 0.16722331941127777 0.02058212086558342 3
5 0.5634765625 0.6376953125 0.18810059130191803 0.02747364714741707 4
5 0.5711721181869507 0.5512980818748474 0.1768549084663391 0.02241625264286995 2
5 0.57177734375 0.521484375 0.17570874094963074 0.021566901355981827 4
5 0.5756868720054626 0.4930952787399292 0.16625672578811646 0.01969327963888645 3
5 0.5764580368995667 0.4667505621910095 0.1758490651845932 0.02060837484896183 2
5 0.5774691104888916 0.43840739130973816 0.17978300154209137 0.01968001388013363 2
5 0.5803635120391846 0.4101370573043823 0.1758490651845932 0.02055414207279682 2
5 0.2909303903579712 0.43355733156204224 0.17099885642528534 0.023524124175310135 2
5 0.2784676253795624 0.5190237164497375 0.1731272041797638 0.02253534644842148 3
5 0.5768000483512878 0.32664981484413147 0.16413514316082 0.023427125066518784 2
5 0.10388544946908951 0.48585206270217896 0.17783091962337494 0.022448740899562836 2
5 0.22133272886276245 0.5971635580062866 0.15528573095798492 0.022471442818641663 1
5 0.0966796875 0.5654296278953552 0.17507998645305634 0.020530980080366135 3
5 0.10795178264379501 0.538600504398346 0.17795155942440033 0.021458154544234276 3
5 0.099609375 0.50927734375 0.181640625 0.0244140625 0
5 0.1049804612994194 0.45751953125 0.1770167499780655 0.022459562867879868 1
5 0.275657594203949 0.5732149481773376 0.17191939055919647 0.023498015478253365 1
5 0.1127929538488388 0.4291992485523224 0.17603696882724762 0.024465788155794144 2
5 0.11463760584592819 0.3998657763004303 0.17392686009407043 0.022546887397766113 2
5 0.1118163987994194 0.3725586235523224 0.17825734615325928 0.02249860391020775 1
5 0.11589806526899338 0.34378764033317566 0.17215219140052795 0.023399759083986282 3
5 0.11198396980762482 0.28858450055122375 0.176109179854393 0.021503934636712074 3
5 0.12158203125 0.2626952826976776 0.1758839339017868 0.023501330986618996 3
5 0.11669921875 0.2368164211511612 0.17798103392124176 0.020530913025140762 3
5 0.574243426322937 0.3822598159313202 0.1749955415725708 0.022612949833273888 3
5 0.58251953125 0.2998047173023224 0.17411327362060547 0.02345709688961506 2
5 0.3491717576980591 0.0034320587292313576 0.14959272742271423 0.008760538883507252 1
5 0.5849609375 0.27001953125 0.17480672895908356 0.0214677806943655 2
5 0.58447265625 0.24072265625 0.1760147213935852 0.02057456597685814 3
5 0.5869140028953552 0.21240234375 0.17341916263103485 0.02248026244342327 3
5 0.6222251653671265 0.1083270013332367 0.16547708213329315 0.02501220442354679 39
5 0.6357476711273193 0.08115720003843307 0.15765966475009918 0.02337311953306198 42
5 0.650390625 0.0498046800494194 0.15520086884498596 0.02428916096687317 47
5 0.6809815168380737 0.038909412920475006 0.1270657628774643 0.021382777020335197 46
5 0.6953125 0.017578125 0.06905340403318405 0.024859225377440453 45
4 0.9179486632347107 0.2899937629699707 0.043899983167648315 0.02150655910372734 93
4 0.9404482841491699 0.07103318721055984 0.03907470032572746 0.02047700062394142 91
4 0.81396484375 0.005859375 0.0185546875 0.009765625 0
4 0.9374798536300659 0.2924351990222931 0.04301311820745468 0.019511103630065918 93
4 0.8979427218437195 0.2898392379283905 0.04297984763979912 0.017595775425434113 91
4 0.8686927556991577 0.26493802666664124 0.04111688584089279 0.01852266862988472 3
4 0.8679688572883606 0.3028320372104645 0.03936649113893509 0.018895914778113365 7
4 0.8593981862068176 0.37597766518592834 0.042037561535835266 0.021552959457039833 3
4 0.8632802367210388 0.3979724645614624 0.04008664935827255 0.020531050860881805 3
4 0.9257822632789612 0.8398215770721436 0.04403301328420639 0.02341332472860813 93
4 0.8798429369926453 0.8383568525314331 0.04882644861936569 0.023457834497094154 92
4 0.8583984971046448 0.83056640625 0.04356863722205162 0.019883673638105392 98
4 0.9608923196792603 0.07370506972074509 0.04161950945854187 0.009893923066556454 93
4 0.8808812499046326 0.709522545337677 0.03911130130290985 0.017556194216012955 93
4 0.8588868379592896 0.70654296875 0.04153863340616226 0.019548960030078888 91
4 0.92724609375 0.9775390625 0.04296875 0.0205078125 90
4 0.8930894136428833 0.9714640378952026 0.04615743085741997 0.02361590787768364 96
5 0.8916015625 0.04736328125 0.08418860286474228 0.023457562550902367 93
5 0.9179688096046448 0.04736328125 0.0841095820069313 0.021460624411702156 93
