12 0.004313243553042412 0.9371417164802551 0.056345198303461075 0.019684428349137306 116
6 0.14484122395515442 0.8717624545097351 0.030320651829242706 0.017550751566886902 105
6 0.3452959954738617 0.9488402009010315 0.027930373325943947 0.016799196600914 54
6 0.26723039150238037 0.9008263349533081 0.048090122640132904 0.022329682484269142 77
6 0.26416015625 0.99560546875 0.0341796875 0.0087890625 0
6 0.674560546875 0.8425293564796448 0.031074028462171555 0.01795388199388981 45
6 0.6503186225891113 0.8703012466430664 0.024119313806295395 0.01739753782749176 58
12 0.15966796875 0.90966796875 0.12546835839748383 0.04392353445291519 92
12 0.3037109375 0.93115234375 0.12279931455850601 0.042844511568546295 81
12 0.55859375 0.8554688096046448 0.12271617352962494 0.057850293815135956 88
12 0.9619140028953552 0.7319335341453552 0.1193327084183693 0.0488375723361969 91
