4 0.29313215613365173 0.7351738810539246 0.043858420103788376 0.02126600593328476 78
4 0.6513381004333496 0.7605196833610535 0.046404704451560974 0.020284077152609825 8
4 0.3159210681915283 0.7689648866653442 0.048867177218198776 0.02053045853972435 92
4 0.2900390326976776 0.37548828125 0.04549657925963402 0.018593499436974525 91
4 0.888671875 0.63330078125 0.044921875 0.0224609375 0
4 0.016733523458242416 0.8497941493988037 0.04752158373594284 0.02151314914226532 99
12 0.663090169429779 0.039229266345500946 0.07717315107584 0.025407208129763603 89
12 0.49072265625 0.00244140625 0.0166015625 0.0029296875 0
4 0.04296875 0.8627930283546448 0.04222933202981949 0.020369160920381546 100
12 0.9345703125 0.1904297024011612 0.12714388966560364 0.05658309906721115 109
