12 0.0043132733553647995 0.7115557789802551 0.056345198303461075 0.019684428349137306 116
6 0.14484122395515442 0.6461764574050903 0.030320651829242706 0.017550751566886902 105
6 0.34529605507850647 0.723254382610321 0.027930373325943947 0.016799196600914 54
6 0.26723039150238037 0.6752403974533081 0.048090122640132904 0.022329682484269142 77
6 0.26684823632240295 0.7885350584983826 0.02271551452577114 0.019186409190297127 165
6 0.26416015625 0.7739258408546448 0.03485658019781113 0.009959022514522076 169
6 0.674560546875 0.616943359375 0.031074028462171555 0.01795388199388981 45
6 0.6503185629844666 0.6447153687477112 0.024119313806295395 0.01739753782749176 58
12 0.15966796875 0.68408203125 0.12546835839748383 0.04392353445291519 92
12 0.3037109673023224 0.70556640625 0.12279931455850601 0.042844511568546295 81
12 0.55859375 0.6298828721046448 0.12271617352962494 0.057850293815135956 88
12 0.9619140028953552 0.5063475966453552 0.1193327084183693 0.0488375723361969 91
