4 0.83642578125 0.87841796875 0.0537109300494194 0.0224609337747097 90
6 0.26025390625 0.9091797471046448 0.04377135634422302 0.02501220442354679 141
6 0.4970703423023224 0.48486328125 0.0410175584256649 0.01974571868777275 10
6 0.7583007216453552 0.056640639901161194 0.03805674612522125 0.010069998912513256 82
6 0.5805663466453552 0.11425779014825821 0.031736258417367935 0.014774356968700886 178
12 0.12445282191038132 0.7661474943161011 0.111476831138134 0.04696646332740784 86
12 0.23139424622058868 0.6979708075523376 0.09965243190526962 0.047974422574043274 88
12 0.50439453125 0.51416015625 0.17038169503211975 0.039085980504751205 13
12 0.6015625596046448 0.3549804985523224 0.1591757982969284 0.053855523467063904 23
12 0.6137908101081848 0.1430446356534958 0.18868137896060944 0.0410165898501873 3
