12 0.3312638998031616 0.433628112077713 0.13499541580677032 0.04472531005740166 20
12 0.635693371295929 0.03681346774101257 0.08273737877607346 0.04675158113241196 78
12 0.92919921875 0.00439453125 0.0205078125 0.0068359375 0
12 0.81201171875 0.01562499813735485 0.02996383048593998 0.019520409405231476 92
12 0.5163133144378662 0.10517074912786484 0.1657799333333969 0.022090181708335876 44
12 0.4090260863304138 0.24861228466033936 0.15521202981472015 0.04602105915546417 34
12 0.2543945610523224 0.6591796875 0.18930546939373016 0.048863787204027176 3
6 0.673828125 0.044433604925870895 0.026922183111310005 0.01625289022922516 147
6 0.1907474249601364 0.8166168928146362 0.03539954870939255 0.017538130283355713 66
12 0.26806640625 0.8466798067092896 0.16120383143424988 0.03891564533114433 175
