4 0.058045580983161926 0.20352576673030853 0.04899413138628006 0.02248215861618519 2
4 0.0527343787252903 0.1767578274011612 0.05446942523121834 0.021682344377040863 8
4 0.5263671875 0.2216796875 0.044921875 0.021484375 0
4 0.5339668393135071 0.15480992197990417 0.042275115847587585 0.021678969264030457 173
4 0.41015625 0.1528320163488388 0.039879199117422104 0.021157775074243546 113
12 0.9492034912109375 0.7410975694656372 0.17286260426044464 0.06637995690107346 91
12 0.48690780997276306 0.8104349970817566 0.13786490261554718 0.05457180738449097 87
12 0.67138671875 0.6997069716453552 0.04945558309555054 0.017614316195249557 89
6 0.9051664471626282 0.6332606673240662 0.0482337586581707 0.00925813801586628 111
6 0.8652344942092896 0.6386719346046448 0.02598544768989086 0.01295393891632557 83
6 0.31787109375 0.7641600370407104 0.025765230879187584 0.016627561300992966 176
