6 0.5861352682113647 0.1466468721628189 0.03538607805967331 0.01600862666964531 39
6 0.4970703423023224 0.71044921875 0.0410175584256649 0.01974571868777275 10
6 0.7583008408546448 0.2822265326976776 0.03805674612522125 0.010069998912513256 82
6 0.5805663466453552 0.3398437201976776 0.031736258417367935 0.014774356968700886 178
12 0.1235351637005806 0.9687500596046448 0.06476347893476486 0.04682358354330063 87
12 0.23139424622058868 0.9235567450523376 0.09965243190526962 0.047974422574043274 88
12 0.5043945908546448 0.7397461533546448 0.17038169503211975 0.039085980504751205 13
12 0.6015625596046448 0.5805664658546448 0.1591757982969284 0.053855523467063904 23
12 0.61379075050354 0.3686305582523346 0.18868137896060944 0.0410165898501873 3
12 0.5717220902442932 0.14355362951755524 0.15638799965381622 0.051748599857091904 1
12 0.548828125 0.00439453125 0.17578125 0.0068359375 0
