P0003__1__0___0 0.265 737 908 712 906 718 849 743 851 large-vehicle
P0003__1__0___0 0.277 158 91 143 4 169 0 184 87 large-vehicle
P0003__1__0___0 0.332 323 627 274 600 286 580 335 607 large-vehicle
P0003__1__0___0 0.345 6 860 5 841 35 839 36 858 large-vehicle
P0003__1__0___0 0.364 178 155 170 92 197 88 205 151 large-vehicle
P0003__1__0___0 0.367 -5 980 -6 961 43 959 44 978 large-vehicle
P0003__1__0___0 0.369 2 910 0 890 41 887 43 907 large-vehicle
P0003__1__0___0 0.372 273 600 224 575 234 555 283 580 large-vehicle
P0003__1__0___0 0.378 0 932 0 913 39 911 40 930 large-vehicle
P0003__1__0___0 0.383 41 658 9 657 10 637 42 638 small-vehicle
P0003__1__0___0 0.404 790 895 786 832 811 830 815 893 large-vehicle
P0003__1__0___0 0.413 547 517 487 516 488 492 548 493 large-vehicle
P0003__1__0___0 0.413 306 783 265 759 277 740 318 764 large-vehicle
P0003__1__0___0 0.420 4 885 3 864 43 862 44 883 large-vehicle
P0003__1__0___0 0.429 695 961 630 958 632 934 697 937 large-vehicle
P0003__1__0___0 0.432 936 911 917 910 919 872 938 873 small-vehicle
P0003__1__0___0 0.447 255 462 203 438 214 415 266 439 large-vehicle
P0003__1__0___0 0.490 305 711 252 685 262 664 315 690 large-vehicle
P0003__1__0___0 0.494 838 628 829 605 883 583 892 606 large-vehicle
P0003__1__0___0 0.502 247 430 196 403 208 381 259 408 large-vehicle
P0003__1__0___0 0.512 869 906 843 904 846 843 872 845 large-vehicle
P0003__1__0___0 0.517 537 487 474 486 474 462 537 463 large-vehicle
P0003__1__0___0 0.519 -1 957 -2 936 43 934 44 955 large-vehicle
P0003__1__0___0 0.541 398 356 380 255 403 251 421 352 large-vehicle
P0003__1__0___0 0.544 969 192 955 158 972 151 986 185 small-vehicle
P0003__1__0___0 0.551 502 550 501 526 561 521 562 545 large-vehicle
P0003__1__0___0 0.572 317 820 265 794 276 773 328 799 large-vehicle
P0003__1__0___0 0.572 240 390 187 364 197 343 250 369 large-vehicle
P0003__1__0___0 0.582 964 461 949 425 967 418 982 454 small-vehicle
P0003__1__0___0 0.589 329 664 231 610 242 589 340 643 large-vehicle
P0003__1__0___0 0.595 238 328 189 299 201 279 250 308 large-vehicle
P0003__1__0___0 0.611 567 550 566 527 624 527 625 550 large-vehicle
P0003__1__0___0 0.615 600 575 599 552 659 552 660 575 large-vehicle
P0003__1__0___0 0.627 635 522 573 518 574 495 636 499 large-vehicle
P0003__1__0___0 0.637 782 904 754 903 757 815 785 816 large-vehicle
P0003__1__0___0 0.642 329 851 273 843 276 820 332 828 large-vehicle
P0003__1__0___0 0.646 1002 548 986 511 1005 503 1021 540 small-vehicle
P0003__1__0___0 0.658 497 341 474 239 498 234 521 336 large-vehicle
P0003__1__0___0 0.659 12 809 10 789 47 786 49 806 small-vehicle
P0003__1__0___0 0.665 818 900 811 797 835 795 842 898 large-vehicle
P0003__1__0___0 0.685 771 574 764 551 858 523 865 546 large-vehicle
P0003__1__0___0 0.707 658 308 639 209 661 205 680 304 large-vehicle
P0003__1__0___0 0.710 303 357 289 273 314 268 328 352 large-vehicle
P0003__1__0___0 0.713 337 361 322 274 346 270 361 357 large-vehicle
P0003__1__0___0 0.716 602 324 582 221 607 217 627 320 large-vehicle
P0003__1__0___0 0.721 371 365 350 265 374 260 395 360 large-vehicle
P0003__1__0___0 0.727 539 334 522 233 546 229 563 330 large-vehicle
P0003__1__0___0 0.727 629 606 531 603 532 579 630 582 large-vehicle
P0003__1__0___0 0.729 302 525 211 475 223 452 314 502 large-vehicle
P0003__1__0___0 0.757 572 327 552 231 575 226 595 322 large-vehicle
P0003__1__123___0 0.277 34 93 19 5 47 0 62 88 large-vehicle
P0003__1__123___0 0.310 614 908 589 906 593 847 618 849 large-vehicle
P0003__1__123___0 0.356 117 391 65 366 76 344 128 369 large-vehicle
P0003__1__123___0 0.402 115 328 67 299 78 279 126 308 large-vehicle
P0003__1__123___0 0.408 184 783 141 760 153 740 196 763 large-vehicle
P0003__1__123___0 0.411 182 711 128 685 139 664 193 690 large-vehicle
P0003__1__123___0 0.416 693 900 686 797 712 795 719 898 large-vehicle
P0003__1__123___0 0.436 200 628 105 577 117 555 212 606 large-vehicle
P0003__1__123___0 0.445 125 431 74 402 86 380 137 409 large-vehicle
P0003__1__123___0 0.449 425 517 364 516 364 492 425 493 large-vehicle
P0003__1__123___0 0.453 133 462 80 437 90 415 143 440 large-vehicle
P0003__1__123___0 0.472 378 551 376 527 437 522 439 546 large-vehicle
P0003__1__123___0 0.479 412 487 351 486 351 462 412 463 large-vehicle
P0003__1__123___0 0.492 746 907 720 905 723 844 749 846 large-vehicle
P0003__1__123___0 0.501 714 627 706 606 761 584 769 605 large-vehicle
P0003__1__123___0 0.501 814 912 795 911 797 873 816 874 small-vehicle
P0003__1__123___0 0.535 205 664 104 608 116 587 217 643 large-vehicle
P0003__1__123___0 0.544 666 893 662 831 687 830 691 892 large-vehicle
P0003__1__123___0 0.547 571 962 506 958 508 933 573 937 large-vehicle
P0003__1__123___0 0.554 194 820 142 794 153 773 205 799 large-vehicle
P0003__1__123___0 0.568 846 191 832 157 849 150 863 184 small-vehicle
P0003__1__123___0 0.574 968 986 954 978 969 949 983 957 small-vehicle
P0003__1__123___0 0.591 984 757 960 714 977 704 1001 747 small-vehicle
P0003__1__123___0 0.602 444 549 443 527 501 526 502 548 large-vehicle
P0003__1__123___0 0.611 658 903 631 902 635 816 662 817 large-vehicle
P0003__1__123___0 0.632 841 462 826 424 844 417 859 455 small-vehicle
P0003__1__123___0 0.637 512 522 450 518 451 495 513 499 large-vehicle
P0003__1__123___0 0.641 984 666 964 632 979 623 999 657 small-vehicle
P0003__1__123___0 0.643 976 1011 962 1004 981 970 995 977 small-vehicle
P0003__1__123___0 0.646 475 576 474 553 536 553 537 576 large-vehicle
P0003__1__123___0 0.659 879 548 863 511 882 503 898 540 small-vehicle
P0003__1__123___0 0.664 205 851 149 843 152 820 208 828 large-vehicle
P0003__1__123___0 0.681 479 324 459 221 484 217 504 320 large-vehicle
P0003__1__123___0 0.685 646 575 639 552 735 522 742 545 large-vehicle
P0003__1__123___0 0.698 180 357 166 273 191 268 205 352 large-vehicle
P0003__1__123___0 0.708 215 362 198 273 222 269 239 358 large-vehicle
P0003__1__123___0 0.708 274 357 256 254 281 250 299 353 large-vehicle
P0003__1__123___0 0.709 374 341 352 239 375 234 397 336 large-vehicle
P0003__1__123___0 0.709 416 333 399 234 423 230 440 329 large-vehicle
P0003__1__123___0 0.722 535 308 516 209 538 205 557 304 large-vehicle
P0003__1__123___0 0.723 449 328 428 230 452 225 473 323 large-vehicle
P0003__1__123___0 0.727 249 365 228 265 252 260 273 360 large-vehicle
P0003__1__123___0 0.730 506 605 409 604 409 580 506 581 large-vehicle
P0003__1__123___0 0.730 178 524 89 475 101 453 190 502 large-vehicle
P0003__1__123___0 0.774 933 663 914 628 930 620 949 655 small-vehicle
