P0004__1__0___0 0.254 822 76 812 75 813 43 823 44 small-vehicle
P0004__1__0___0 0.266 199 15 159 14 160 4 200 5 small-vehicle
P0004__1__0___0 0.276 508 266 506 244 631 231 633 253 large-vehicle
P0004__1__0___0 0.298 815 284 805 284 806 247 816 247 small-vehicle
P0004__1__0___0 0.303 438 189 437 95 457 94 458 188 large-vehicle
P0004__1__0___0 0.310 480 184 477 89 497 89 500 184 large-vehicle
P0004__1__0___0 0.310 375 711 320 710 320 690 375 691 large-vehicle
P0004__1__0___0 0.320 818 196 807 196 809 161 820 161 small-vehicle
P0004__1__0___0 0.326 112 279 110 258 213 250 215 271 large-vehicle
P0004__1__0___0 0.334 506 244 504 221 623 209 625 232 large-vehicle
P0004__1__0___0 0.343 515 196 498 183 560 107 577 120 large-vehicle
P0004__1__0___0 0.373 632 663 514 655 515 634 633 642 large-vehicle
P0004__1__0___0 0.374 515 287 513 264 638 254 640 277 large-vehicle
P0004__1__0___0 0.375 519 308 517 288 620 281 622 301 large-vehicle
P0004__1__0___0 0.385 33 355 31 324 44 324 46 355 small-vehicle
P0004__1__0___0 0.391 633 645 512 637 514 616 635 624 large-vehicle
P0004__1__0___0 0.396 606 685 525 680 527 658 608 663 large-vehicle
P0004__1__0___0 0.405 626 623 499 614 501 592 628 601 large-vehicle
P0004__1__0___0 0.407 74 452 67 379 91 377 98 450 large-vehicle
P0004__1__0___0 0.415 505 336 503 314 622 303 624 325 large-vehicle
P0004__1__0___0 0.422 285 183 273 87 294 84 306 180 large-vehicle
P0004__1__0___0 0.425 124 324 122 303 221 291 223 312 large-vehicle
P0004__1__0___0 0.428 248 187 233 91 255 88 270 184 large-vehicle
P0004__1__0___0 0.432 173 606 172 585 272 579 273 600 large-vehicle
P0004__1__0___0 0.433 511 222 508 199 622 183 625 206 large-vehicle
P0004__1__0___0 0.435 135 346 132 327 228 313 231 332 large-vehicle
P0004__1__0___0 0.436 508 402 507 380 635 371 636 393 large-vehicle
P0004__1__0___0 0.437 459 187 457 91 478 90 480 186 large-vehicle
P0004__1__0___0 0.448 348 184 340 87 359 85 367 182 large-vehicle
P0004__1__0___0 0.451 149 415 146 395 240 382 243 402 large-vehicle
P0004__1__0___0 0.458 304 181 293 84 313 82 324 179 large-vehicle
P0004__1__0___0 0.459 167 655 165 636 270 628 272 647 large-vehicle
P0004__1__0___0 0.461 142 370 138 349 237 333 241 354 large-vehicle
P0004__1__0___0 0.464 621 598 520 590 522 569 623 577 large-vehicle
P0004__1__0___0 0.465 518 476 517 455 601 453 602 474 large-vehicle
P0004__1__0___0 0.490 101 981 97 924 118 922 122 979 large-vehicle
P0004__1__0___0 0.493 259 717 147 713 148 690 260 694 large-vehicle
P0004__1__0___0 0.496 135 500 131 477 256 455 260 478 large-vehicle
P0004__1__0___0 0.504 142 469 139 447 257 428 260 450 large-vehicle
P0004__1__0___0 0.505 390 185 385 91 407 90 412 184 large-vehicle
P0004__1__0___0 0.527 147 927 147 906 278 902 278 923 large-vehicle
P0004__1__0___0 0.531 150 393 147 373 245 358 248 378 large-vehicle
P0004__1__0___0 0.537 368 181 359 86 379 84 388 179 large-vehicle
P0004__1__0___0 0.540 163 548 158 526 258 505 263 527 large-vehicle
P0004__1__0___0 0.564 152 976 152 955 283 951 283 972 large-vehicle
P0004__1__0___0 0.564 382 684 357 682 365 587 390 589 large-vehicle
P0004__1__0___0 0.565 617 575 490 565 492 542 619 552 large-vehicle
P0004__1__0___0 0.566 152 581 147 558 261 532 266 555 large-vehicle
P0004__1__0___0 0.569 607 526 507 521 508 499 608 504 large-vehicle
P0004__1__0___0 0.569 514 452 513 431 627 425 628 446 large-vehicle
P0004__1__0___0 0.578 742 589 726 588 729 550 745 551 small-vehicle
P0004__1__0___0 0.582 508 379 506 358 605 352 607 373 large-vehicle
P0004__1__0___0 0.583 149 952 148 930 278 923 279 945 large-vehicle
P0004__1__0___0 0.583 150 1001 149 979 279 974 280 996 large-vehicle
P0004__1__0___0 0.585 274 900 147 900 147 879 274 879 large-vehicle
P0004__1__0___0 0.587 510 427 508 404 635 398 637 421 large-vehicle
P0004__1__0___0 0.590 614 548 508 542 509 521 615 527 large-vehicle
P0004__1__0___0 0.597 801 110 784 110 786 73 803 73 small-vehicle
P0004__1__0___0 0.604 514 356 513 334 629 327 630 349 large-vehicle
P0004__1__0___0 0.606 328 178 315 83 335 81 348 176 large-vehicle
P0004__1__0___0 0.611 154 524 149 502 257 479 262 501 large-vehicle
P0004__1__0___0 0.618 270 878 149 878 149 857 270 857 large-vehicle
P0004__1__0___0 0.628 154 805 153 784 273 778 274 799 large-vehicle
P0004__1__0___0 0.632 513 917 511 895 596 890 598 912 large-vehicle
P0004__1__0___0 0.633 168 438 165 417 261 405 264 426 large-vehicle
P0004__1__0___0 0.634 415 185 412 91 434 90 437 184 large-vehicle
P0004__1__0___0 0.637 147 1026 147 1004 278 999 278 1021 large-vehicle
P0004__1__0___0 0.645 154 829 154 807 273 804 273 826 large-vehicle
P0004__1__0___0 0.648 749 277 732 277 734 240 751 240 small-vehicle
P0004__1__0___0 0.649 624 501 507 501 507 478 624 478 large-vehicle
P0004__1__0___0 0.653 56 976 54 939 71 939 73 976 small-vehicle
P0004__1__0___0 0.656 796 248 780 247 781 213 797 214 small-vehicle
P0004__1__0___0 0.662 313 727 295 726 296 688 314 689 small-vehicle
P0004__1__0___0 0.664 82 268 81 231 97 231 98 268 small-vehicle
P0004__1__0___0 0.665 155 633 154 612 272 604 273 625 large-vehicle
P0004__1__0___0 0.665 85 900 80 861 98 859 103 898 small-vehicle
P0004__1__0___0 0.694 274 763 154 758 155 734 275 739 large-vehicle
P0004__1__0___0 0.700 454 955 453 932 625 920 626 943 large-vehicle
P0004__1__0___0 0.738 169 682 168 657 286 655 287 680 large-vehicle
P0004__1__0___0 0.742 547 40 508 35 510 17 549 22 small-vehicle
P0004__1__0___0 0.755 107 1014 97 1002 124 979 134 991 small-vehicle
P0004__1__0___0 0.765 110 895 108 858 125 856 127 893 small-vehicle
P0004__1__0___440 0.278 636 224 517 215 519 193 638 202 large-vehicle
P0004__1__0___440 0.336 632 205 513 197 515 176 634 184 large-vehicle
P0004__1__0___440 0.343 516 8 516 -15 623 -18 623 5 large-vehicle
P0004__1__0___440 0.415 608 108 509 103 511 81 610 86 large-vehicle
P0004__1__0___440 0.415 609 245 525 239 526 218 610 224 large-vehicle
P0004__1__0___440 0.433 100 540 97 483 119 481 122 538 large-vehicle
P0004__1__0___440 0.458 741 149 725 149 728 110 744 110 small-vehicle
P0004__1__0___440 0.466 154 685 152 664 289 654 291 675 large-vehicle
P0004__1__0___440 0.470 618 157 523 151 525 130 620 136 large-vehicle
P0004__1__0___440 0.500 168 215 166 195 271 188 273 208 large-vehicle
P0004__1__0___440 0.502 134 60 130 37 255 15 259 38 large-vehicle
P0004__1__0___440 0.506 143 29 139 5 258 -13 262 10 large-vehicle
P0004__1__0___440 0.508 154 83 150 61 257 40 261 62 large-vehicle
P0004__1__0___440 0.510 146 584 146 563 277 559 277 580 large-vehicle
P0004__1__0___440 0.530 149 739 148 717 284 708 285 730 large-vehicle
P0004__1__0___440 0.531 155 363 154 343 272 340 273 360 large-vehicle
P0004__1__0___440 0.533 480 642 478 619 609 611 611 634 large-vehicle
P0004__1__0___440 0.541 493 792 492 770 626 763 627 785 large-vehicle
P0004__1__0___440 0.544 491 765 489 743 620 734 622 756 large-vehicle
P0004__1__0___440 0.548 148 634 147 613 279 607 280 628 large-vehicle
P0004__1__0___440 0.550 147 487 146 466 276 462 277 483 large-vehicle
P0004__1__0___440 0.552 260 275 149 275 149 252 260 252 large-vehicle
P0004__1__0___440 0.564 152 536 152 515 283 511 283 532 large-vehicle
P0004__1__0___440 0.575 153 661 151 641 286 632 288 652 large-vehicle
P0004__1__0___440 0.576 268 438 148 438 149 417 269 417 large-vehicle
P0004__1__0___440 0.577 274 460 146 460 147 439 275 439 large-vehicle
P0004__1__0___440 0.578 149 511 148 490 278 484 279 505 large-vehicle
P0004__1__0___440 0.580 149 765 147 744 286 734 288 755 large-vehicle
P0004__1__0___440 0.585 150 140 145 117 261 93 266 116 large-vehicle
P0004__1__0___440 0.586 623 62 507 58 508 35 624 39 large-vehicle
P0004__1__0___440 0.597 477 669 475 647 598 638 600 660 large-vehicle
P0004__1__0___440 0.599 381 244 358 242 366 147 389 149 large-vehicle
P0004__1__0___440 0.604 629 183 500 173 502 150 631 160 large-vehicle
P0004__1__0___440 0.613 148 560 148 539 279 535 279 556 large-vehicle
P0004__1__0___440 0.625 146 609 146 588 277 584 277 605 large-vehicle
P0004__1__0___440 0.632 55 537 54 499 72 498 73 536 small-vehicle
P0004__1__0___440 0.636 155 389 155 367 274 364 274 386 large-vehicle
P0004__1__0___440 0.639 163 108 159 86 258 65 262 87 large-vehicle
P0004__1__0___440 0.644 602 853 473 848 473 826 602 831 large-vehicle
P0004__1__0___440 0.651 616 133 489 127 491 104 618 110 large-vehicle
P0004__1__0___440 0.655 314 286 297 286 297 249 314 249 small-vehicle
P0004__1__0___440 0.659 157 193 155 171 270 164 272 186 large-vehicle
P0004__1__0___440 0.665 512 478 511 456 595 451 596 473 large-vehicle
P0004__1__0___440 0.665 723 710 708 709 708 675 723 676 small-vehicle
P0004__1__0___440 0.667 691 906 676 906 678 869 693 869 small-vehicle
P0004__1__0___440 0.667 716 914 701 914 703 877 718 877 small-vehicle
P0004__1__0___440 0.672 517 35 516 14 604 12 605 33 large-vehicle
P0004__1__0___440 0.673 274 320 154 320 155 297 275 297 large-vehicle
P0004__1__0___440 0.681 719 855 702 854 704 814 721 815 small-vehicle
P0004__1__0___440 0.683 332 910 304 909 311 741 339 742 large-vehicle
P0004__1__0___440 0.683 741 936 723 934 726 895 744 897 small-vehicle
P0004__1__0___440 0.692 172 166 171 144 271 137 272 159 large-vehicle
P0004__1__0___440 0.694 607 86 506 81 508 59 609 64 large-vehicle
P0004__1__0___440 0.695 480 819 480 797 583 794 583 816 large-vehicle
P0004__1__0___440 0.698 167 242 166 217 286 215 287 240 large-vehicle
P0004__1__0___440 0.706 107 573 98 562 124 540 133 551 small-vehicle
P0004__1__0___440 0.706 85 459 80 420 98 418 103 457 small-vehicle
P0004__1__0___440 0.714 455 515 453 491 624 480 626 504 large-vehicle
P0004__1__0___440 0.748 433 744 432 721 560 713 561 736 large-vehicle
P0004__1__0___440 0.779 110 455 108 418 125 416 127 453 small-vehicle
