P0007__1__0___0 0.254 757 372 755 332 776 331 778 371 small-vehicle
P0007__1__0___0 0.278 254 486 216 485 217 469 255 470 small-vehicle
P0007__1__0___0 0.297 704 194 679 193 683 127 708 128 large-vehicle
P0007__1__0___0 0.310 809 372 806 329 828 327 831 370 small-vehicle
P0007__1__0___0 0.336 555 195 528 193 532 130 559 132 small-vehicle
P0007__1__0___0 0.338 362 211 335 210 337 158 364 159 small-vehicle
P0007__1__0___0 0.352 785 377 781 332 802 330 806 375 small-vehicle
P0007__1__0___0 0.413 490 198 464 198 465 139 491 139 small-vehicle
P0007__1__0___0 0.459 913 656 893 654 898 607 918 609 small-vehicle
P0007__1__0___0 0.461 130 565 129 546 179 542 180 561 small-vehicle
P0007__1__0___0 0.471 227 338 227 320 266 319 266 337 small-vehicle
P0007__1__0___0 0.482 93 169 72 167 74 120 95 122 small-vehicle
P0007__1__0___0 0.484 206 799 206 780 249 778 249 797 small-vehicle
P0007__1__0___0 0.531 883 660 857 658 864 529 890 531 large-vehicle
P0007__1__0___0 0.544 948 164 944 146 983 137 987 155 small-vehicle
P0007__1__0___0 0.553 567 1033 382 1033 382 1004 567 1004 large-vehicle
P0007__1__0___0 0.576 606 733 569 731 569 714 606 716 small-vehicle
P0007__1__0___0 0.595 966 481 938 480 945 308 973 309 large-vehicle
P0007__1__0___0 0.605 1032 788 997 786 1005 631 1040 633 large-vehicle
P0007__1__0___0 0.616 615 426 579 425 580 409 616 410 small-vehicle
P0007__1__0___0 0.628 284 446 219 443 221 421 286 424 large-vehicle
P0007__1__0___0 0.629 940 485 910 484 917 304 947 305 large-vehicle
P0007__1__0___0 0.636 417 426 411 413 446 397 452 410 small-vehicle
P0007__1__0___0 0.644 415 312 409 294 452 279 458 297 small-vehicle
P0007__1__0___0 0.650 887 478 859 477 864 337 892 338 large-vehicle
P0007__1__0___0 0.652 91 264 70 263 72 223 93 224 small-vehicle
P0007__1__0___0 0.658 369 403 362 388 398 372 405 387 small-vehicle
P0007__1__0___0 0.663 415 407 408 393 444 376 451 390 small-vehicle
P0007__1__0___0 0.663 373 497 366 482 402 466 409 481 small-vehicle
P0007__1__0___0 0.666 631 959 526 956 526 932 631 935 large-vehicle
P0007__1__0___0 0.669 370 448 363 434 397 419 404 433 small-vehicle
P0007__1__0___0 0.679 903 901 742 889 744 862 905 874 large-vehicle
P0007__1__0___0 0.707 1000 482 967 481 971 305 1004 306 large-vehicle
P0007__1__0___0 0.710 958 687 925 685 935 514 968 516 large-vehicle
P0007__1__0___0 0.718 413 455 407 440 444 424 450 439 small-vehicle
P0007__1__0___0 0.720 419 500 412 485 448 467 455 482 small-vehicle
P0007__1__0___0 0.723 913 857 734 845 736 818 915 830 large-vehicle
P0007__1__0___0 0.728 415 357 409 343 444 328 450 342 small-vehicle
P0007__1__0___0 0.734 908 816 741 804 743 777 910 789 large-vehicle
P0007__1__0___0 0.765 373 425 367 410 400 396 406 411 small-vehicle
P0007__1__0___0 0.771 414 384 407 369 441 355 448 370 small-vehicle
P0007__1__0___0 0.789 415 475 409 461 440 448 446 462 small-vehicle
P0007__1__0___1113 0.254 668 624 609 622 609 599 668 601 large-vehicle
P0007__1__0___1113 0.257 1090 229 950 226 951 200 1091 203 large-vehicle
P0007__1__0___1113 0.297 1086 348 952 340 953 315 1087 323 large-vehicle
P0007__1__0___1113 0.326 1038 691 944 688 945 664 1039 667 large-vehicle
P0007__1__0___1113 0.333 902 10 749 10 749 -16 902 -16 large-vehicle
P0007__1__0___1113 0.334 299 637 152 629 154 606 301 614 large-vehicle
P0007__1__0___1113 0.346 382 990 353 966 367 949 396 973 small-vehicle
P0007__1__0___1113 0.360 948 257 947 232 1091 228 1092 253 large-vehicle
P0007__1__0___1113 0.374 953 516 953 490 1084 485 1084 511 large-vehicle
P0007__1__0___1113 0.405 346 573 153 563 155 528 348 538 large-vehicle
P0007__1__0___1113 0.407 1079 729 939 723 940 694 1080 700 large-vehicle
P0007__1__0___1113 0.416 1089 318 947 312 948 287 1090 293 large-vehicle
P0007__1__0___1113 0.424 1091 287 948 285 948 260 1091 262 large-vehicle
P0007__1__0___1113 0.447 1041 662 935 659 936 633 1042 636 large-vehicle
P0007__1__0___1113 0.451 1083 489 954 486 954 460 1083 463 large-vehicle
P0007__1__0___1113 0.466 1051 460 960 456 960 431 1051 435 large-vehicle
P0007__1__0___1113 0.489 1088 430 948 430 949 405 1089 405 large-vehicle
P0007__1__0___1113 0.490 57 806 26 804 38 633 69 635 large-vehicle
P0007__1__0___1113 0.514 365 208 179 197 180 175 366 186 large-vehicle
P0007__1__0___1113 0.519 1082 545 944 540 945 514 1083 519 large-vehicle
P0007__1__0___1113 0.521 1097 404 940 400 940 373 1097 377 large-vehicle
P0007__1__0___1113 0.522 333 607 152 598 154 574 335 583 large-vehicle
P0007__1__0___1113 0.544 554 620 477 619 477 595 554 596 large-vehicle
P0007__1__0___1113 0.544 1096 581 942 575 943 546 1097 552 large-vehicle
P0007__1__0___1113 0.555 781 630 605 623 606 597 782 604 large-vehicle
P0007__1__0___1113 0.557 337 465 171 456 172 434 338 443 large-vehicle
P0007__1__0___1113 0.576 332 769 154 762 155 738 333 745 large-vehicle
P0007__1__0___1113 0.606 840 604 652 598 653 571 841 577 large-vehicle
P0007__1__0___1113 0.612 362 151 183 144 183 120 362 127 large-vehicle
P0007__1__0___1113 0.613 664 513 472 505 473 480 665 488 large-vehicle
P0007__1__0___1113 0.618 337 494 163 484 164 459 338 469 large-vehicle
P0007__1__0___1113 0.666 853 514 830 493 948 357 971 378 large-vehicle
P0007__1__0___1113 0.667 854 290 678 283 679 257 855 264 large-vehicle
P0007__1__0___1113 0.685 335 668 154 664 154 639 335 643 large-vehicle
P0007__1__0___1113 0.686 345 525 163 518 164 494 346 501 large-vehicle
P0007__1__0___1113 0.693 674 396 488 390 489 365 675 371 large-vehicle
P0007__1__0___1113 0.695 655 598 473 588 474 561 656 571 large-vehicle
P0007__1__0___1113 0.696 352 352 174 342 175 317 353 327 large-vehicle
P0007__1__0___1113 0.702 848 231 658 224 659 200 849 207 large-vehicle
P0007__1__0___1113 0.704 664 566 476 560 477 535 665 541 large-vehicle
P0007__1__0___1113 0.706 676 258 492 251 493 227 677 234 large-vehicle
P0007__1__0___1113 0.709 856 258 674 258 675 233 857 233 large-vehicle
P0007__1__0___1113 0.710 841 551 660 538 662 512 843 525 large-vehicle
P0007__1__0___1113 0.711 679 283 493 277 494 252 680 258 large-vehicle
P0007__1__0___1113 0.711 343 553 160 544 162 520 345 529 large-vehicle
P0007__1__0___1113 0.713 844 344 662 335 663 309 845 318 large-vehicle
P0007__1__0___1113 0.719 349 320 171 314 172 291 350 297 large-vehicle
P0007__1__0___1113 0.725 675 371 489 360 490 334 676 345 large-vehicle
P0007__1__0___1113 0.727 843 521 660 508 662 480 845 493 large-vehicle
P0007__1__0___1113 0.733 331 740 147 736 148 711 332 715 large-vehicle
P0007__1__0___1113 0.739 361 179 179 175 180 150 362 154 large-vehicle
P0007__1__0___1113 0.741 850 374 668 365 669 339 851 348 large-vehicle
P0007__1__0___1113 0.742 853 461 673 452 674 426 854 435 large-vehicle
P0007__1__0___1113 0.746 347 436 163 426 164 405 348 415 large-vehicle
P0007__1__0___1113 0.746 845 403 673 393 674 368 846 378 large-vehicle
P0007__1__0___1113 0.746 672 454 485 444 487 419 674 429 large-vehicle
P0007__1__0___1113 0.747 355 380 169 370 170 347 356 357 large-vehicle
P0007__1__0___1113 0.747 674 423 488 417 489 392 675 398 large-vehicle
P0007__1__0___1113 0.747 361 235 175 225 176 202 362 212 large-vehicle
P0007__1__0___1113 0.748 343 580 155 573 156 551 344 558 large-vehicle
P0007__1__0___1113 0.752 663 482 479 475 480 451 664 458 large-vehicle
P0007__1__0___1113 0.753 675 311 489 301 490 276 676 286 large-vehicle
P0007__1__0___1113 0.757 350 292 174 282 175 259 351 269 large-vehicle
P0007__1__0___1113 0.760 353 409 165 399 166 376 354 386 large-vehicle
P0007__1__0___1113 0.763 357 264 173 258 174 235 358 241 large-vehicle
P0007__1__0___1113 0.765 655 536 471 530 472 505 656 511 large-vehicle
P0007__1__0___1113 0.771 337 700 157 691 158 667 338 676 large-vehicle
P0007__1__0___824 0.267 840 860 658 850 659 825 841 835 large-vehicle
P0007__1__0___824 0.275 301 927 151 918 152 894 302 903 large-vehicle
P0007__1__0___824 0.276 1088 633 951 631 951 606 1088 608 large-vehicle
P0007__1__0___824 0.285 63 1080 23 1077 34 919 74 922 large-vehicle
P0007__1__0___824 0.352 1075 1016 942 1014 942 985 1075 987 large-vehicle
P0007__1__0___824 0.357 1040 981 945 977 945 952 1040 956 large-vehicle
P0007__1__0___824 0.361 949 546 949 521 1092 517 1092 542 large-vehicle
P0007__1__0___824 0.389 1093 605 946 603 946 578 1093 580 large-vehicle
P0007__1__0___824 0.400 1054 954 938 950 939 923 1055 927 large-vehicle
P0007__1__0___824 0.417 955 805 954 779 1084 776 1085 802 large-vehicle
P0007__1__0___824 0.429 1092 575 947 575 947 550 1092 550 large-vehicle
P0007__1__0___824 0.437 1084 778 953 775 953 749 1084 752 large-vehicle
P0007__1__0___824 0.458 1050 748 959 744 959 719 1050 723 large-vehicle
P0007__1__0___824 0.497 948 719 947 694 1089 692 1090 717 large-vehicle
P0007__1__0___824 0.518 1096 870 942 864 943 835 1097 841 large-vehicle
P0007__1__0___824 0.523 338 895 150 888 151 864 339 871 large-vehicle
P0007__1__0___824 0.524 1095 691 941 691 942 664 1096 664 large-vehicle
P0007__1__0___824 0.533 553 909 477 908 478 884 554 885 large-vehicle
P0007__1__0___824 0.539 781 918 605 911 606 885 782 892 large-vehicle
P0007__1__0___824 0.539 623 294 511 290 512 265 624 269 large-vehicle
P0007__1__0___824 0.540 1080 836 945 829 947 803 1082 810 large-vehicle
P0007__1__0___824 0.584 337 783 163 773 164 748 338 758 large-vehicle
P0007__1__0___824 0.595 840 894 654 887 655 859 841 866 large-vehicle
P0007__1__0___824 0.596 365 495 180 488 180 466 365 473 large-vehicle
P0007__1__0___824 0.600 850 264 839 227 1017 173 1028 210 large-vehicle
P0007__1__0___824 0.605 361 440 184 433 184 409 361 416 large-vehicle
P0007__1__0___824 0.622 345 814 163 807 164 783 346 790 large-vehicle
P0007__1__0___824 0.646 338 754 172 745 173 723 339 732 large-vehicle
P0007__1__0___824 0.659 661 802 475 792 476 769 662 779 large-vehicle
P0007__1__0___824 0.668 678 575 493 565 495 540 680 550 large-vehicle
P0007__1__0___824 0.671 673 685 489 679 490 654 674 660 large-vehicle
P0007__1__0___824 0.680 854 579 678 572 679 546 855 553 large-vehicle
P0007__1__0___824 0.682 335 956 153 952 154 927 336 931 large-vehicle
P0007__1__0___824 0.683 656 886 474 876 475 849 657 859 large-vehicle
P0007__1__0___824 0.684 630 136 524 133 525 107 631 110 large-vehicle
P0007__1__0___824 0.688 334 1030 144 1030 145 1003 335 1003 large-vehicle
P0007__1__0___824 0.689 854 802 831 781 949 645 972 666 large-vehicle
P0007__1__0___824 0.690 567 211 380 211 380 182 567 182 large-vehicle
P0007__1__0___824 0.693 914 35 735 23 737 -3 916 8 large-vehicle
P0007__1__0___824 0.695 848 520 658 513 659 489 849 496 large-vehicle
P0007__1__0___824 0.702 906 301 744 297 745 272 907 276 large-vehicle
P0007__1__0___824 0.706 343 842 161 833 162 809 344 818 large-vehicle
P0007__1__0___824 0.707 845 633 662 624 664 598 847 607 large-vehicle
P0007__1__0___824 0.708 903 75 744 64 746 38 905 49 large-vehicle
P0007__1__0___824 0.709 842 840 659 827 661 799 844 812 large-vehicle
P0007__1__0___824 0.709 665 856 477 849 478 823 666 830 large-vehicle
P0007__1__0___824 0.712 856 547 674 546 675 522 857 523 large-vehicle
P0007__1__0___824 0.717 361 469 179 463 180 438 362 444 large-vehicle
P0007__1__0___824 0.718 843 808 660 798 662 771 845 781 large-vehicle
P0007__1__0___824 0.725 679 545 492 542 492 518 679 521 large-vehicle
P0007__1__0___824 0.730 352 639 172 632 173 608 353 615 large-vehicle
P0007__1__0___824 0.732 356 669 170 659 171 636 357 646 large-vehicle
P0007__1__0___824 0.734 852 750 672 741 673 715 853 724 large-vehicle
P0007__1__0___824 0.740 675 743 487 733 488 708 676 718 large-vehicle
P0007__1__0___824 0.741 348 726 162 716 163 693 349 703 large-vehicle
P0007__1__0___824 0.741 360 524 176 514 177 491 361 501 large-vehicle
P0007__1__0___824 0.742 851 663 667 654 668 628 852 637 large-vehicle
P0007__1__0___824 0.743 351 580 173 571 174 549 352 558 large-vehicle
P0007__1__0___824 0.745 666 771 478 765 479 740 667 746 large-vehicle
P0007__1__0___824 0.745 673 659 489 650 490 624 674 633 large-vehicle
P0007__1__0___824 0.749 344 869 154 862 155 840 345 847 large-vehicle
P0007__1__0___824 0.750 674 712 488 706 489 681 675 687 large-vehicle
P0007__1__0___824 0.751 673 600 488 590 490 567 675 577 large-vehicle
P0007__1__0___824 0.754 347 611 171 601 172 578 348 588 large-vehicle
P0007__1__0___824 0.754 844 692 671 682 673 657 846 667 large-vehicle
P0007__1__0___824 0.760 338 988 156 981 157 957 339 964 large-vehicle
P0007__1__0___824 0.768 354 699 165 688 167 664 356 675 large-vehicle
P0007__1__0___824 0.768 655 825 473 819 474 794 656 800 large-vehicle
P0007__1__0___824 0.772 357 552 173 546 174 523 358 529 large-vehicle
P0007__1__466___0 0.254 986 1003 936 1000 937 982 987 985 small-vehicle
P0007__1__466___0 0.268 238 195 212 193 217 128 243 130 large-vehicle
P0007__1__466___0 0.270 371 373 366 329 388 326 393 370 small-vehicle
P0007__1__466___0 0.276 292 374 290 333 311 331 313 372 small-vehicle
P0007__1__466___0 0.279 1013 386 986 363 998 349 1025 372 small-vehicle
P0007__1__466___0 0.281 1013 419 973 388 986 372 1026 403 small-vehicle
P0007__1__466___0 0.300 1009 479 978 450 990 436 1021 465 small-vehicle
P0007__1__466___0 0.304 910 183 905 168 937 156 942 171 small-vehicle
P0007__1__466___0 0.304 344 370 341 328 363 327 366 369 small-vehicle
P0007__1__466___0 0.309 1010 449 972 417 985 402 1023 434 small-vehicle
P0007__1__466___0 0.311 153 193 126 191 130 126 157 128 small-vehicle
P0007__1__466___0 0.312 1012 327 976 300 987 286 1023 313 large-vehicle
P0007__1__466___0 0.333 900 500 890 484 931 459 941 475 small-vehicle
P0007__1__466___0 0.335 1004 510 970 484 983 467 1017 493 small-vehicle
P0007__1__466___0 0.352 447 654 427 652 432 607 452 609 small-vehicle
P0007__1__466___0 0.372 911 245 902 228 944 204 953 221 small-vehicle
P0007__1__466___0 0.397 906 347 897 333 931 310 940 324 small-vehicle
P0007__1__466___0 0.403 939 969 900 968 900 954 939 955 small-vehicle
P0007__1__466___0 0.449 893 354 875 352 878 311 896 313 small-vehicle
P0007__1__466___0 0.469 899 472 889 455 926 431 936 448 small-vehicle
P0007__1__466___0 0.473 -24 1033 -25 1007 100 1006 101 1032 large-vehicle
P0007__1__466___0 0.475 935 991 900 989 900 974 935 976 small-vehicle
P0007__1__466___0 0.484 710 1055 606 934 625 918 729 1039 large-vehicle
P0007__1__466___0 0.500 774 471 594 420 601 398 781 449 large-vehicle
P0007__1__466___0 0.503 481 162 478 145 518 137 521 154 small-vehicle
P0007__1__466___0 0.512 139 733 103 732 104 714 140 715 small-vehicle
P0007__1__466___0 0.538 898 442 889 428 917 409 926 423 small-vehicle
P0007__1__466___0 0.556 910 294 902 280 935 261 943 275 small-vehicle
P0007__1__466___0 0.583 418 659 390 658 397 530 425 531 large-vehicle
P0007__1__466___0 0.585 150 426 113 425 113 409 150 410 small-vehicle
P0007__1__466___0 0.620 902 412 891 396 925 373 936 389 small-vehicle
P0007__1__466___0 0.625 747 766 614 662 630 643 763 747 large-vehicle
P0007__1__466___0 0.629 164 960 60 956 61 931 165 935 large-vehicle
P0007__1__466___0 0.631 572 793 534 791 539 630 577 632 large-vehicle
P0007__1__466___0 0.635 420 478 393 477 399 339 426 340 large-vehicle
P0007__1__466___0 0.643 472 484 442 482 451 305 481 307 large-vehicle
P0007__1__466___0 0.645 907 380 896 363 934 337 945 354 small-vehicle
P0007__1__466___0 0.652 909 271 902 257 934 242 941 256 small-vehicle
P0007__1__466___0 0.653 763 500 613 457 620 435 770 478 large-vehicle
P0007__1__466___0 0.654 500 480 472 479 479 307 507 308 large-vehicle
P0007__1__466___0 0.662 732 978 613 835 635 817 754 960 large-vehicle
P0007__1__466___0 0.674 438 900 277 889 279 861 440 872 large-vehicle
P0007__1__466___0 0.674 754 809 609 692 625 672 770 789 large-vehicle
P0007__1__466___0 0.678 713 160 610 152 612 129 715 137 large-vehicle
P0007__1__466___0 0.681 781 448 603 393 610 369 788 424 large-vehicle
P0007__1__466___0 0.713 534 483 502 482 505 304 537 305 large-vehicle
P0007__1__466___0 0.715 494 687 460 685 469 514 503 516 large-vehicle
P0007__1__466___0 0.716 758 683 604 571 619 550 773 662 large-vehicle
P0007__1__466___0 0.716 768 945 630 821 649 800 787 924 large-vehicle
P0007__1__466___0 0.723 728 1025 613 882 633 866 748 1009 large-vehicle
P0007__1__466___0 0.726 770 381 588 332 595 306 777 355 large-vehicle
P0007__1__466___0 0.726 448 856 269 846 271 819 450 829 large-vehicle
P0007__1__466___0 0.735 748 725 600 609 617 588 765 704 large-vehicle
P0007__1__466___0 0.736 784 199 597 198 597 174 784 175 large-vehicle
P0007__1__466___0 0.737 440 815 275 803 277 776 442 788 large-vehicle
P0007__1__466___0 0.738 741 842 598 722 616 701 759 821 large-vehicle
P0007__1__466___0 0.742 774 345 585 301 591 276 780 320 large-vehicle
P0007__1__466___0 0.747 784 259 590 255 591 230 785 234 large-vehicle
P0007__1__466___0 0.748 785 229 594 226 594 202 785 205 large-vehicle
P0007__1__466___0 0.750 757 608 596 511 610 487 771 584 large-vehicle
P0007__1__466___0 0.754 778 294 589 280 591 255 780 269 large-vehicle
P0007__1__466___1113 0.261 989 94 978 93 980 53 991 54 small-vehicle
P0007__1__466___1113 0.263 370 571 200 562 201 538 371 547 large-vehicle
P0007__1__466___1113 0.292 732 97 623 -12 641 -31 750 78 large-vehicle
P0007__1__466___1113 0.327 438 11 282 11 283 -15 439 -15 large-vehicle
P0007__1__466___1113 0.336 921 83 895 81 900 -5 926 -3 large-vehicle
P0007__1__466___1113 0.340 727 50 641 -36 658 -54 744 32 large-vehicle
P0007__1__466___1113 0.393 967 318 947 317 950 279 970 280 small-vehicle
P0007__1__466___1113 0.441 946 90 920 88 927 1 953 3 large-vehicle
P0007__1__466___1113 0.450 906 319 867 317 869 300 908 302 small-vehicle
P0007__1__466___1113 0.470 971 92 951 92 952 53 972 53 small-vehicle
P0007__1__466___1113 0.503 88 620 13 620 13 595 88 595 large-vehicle
P0007__1__466___1113 0.535 958 1023 939 1022 939 982 958 983 small-vehicle
P0007__1__466___1113 0.557 899 396 859 394 860 375 900 377 small-vehicle
P0007__1__466___1113 0.558 678 465 498 455 499 430 679 440 large-vehicle
P0007__1__466___1113 0.575 906 280 869 279 869 263 906 264 small-vehicle
P0007__1__466___1113 0.586 902 416 864 415 865 397 903 398 small-vehicle
P0007__1__466___1113 0.587 314 629 140 623 141 596 315 602 large-vehicle
P0007__1__466___1113 0.592 199 513 7 505 8 480 200 488 large-vehicle
P0007__1__466___1113 0.596 928 315 911 314 911 276 928 277 small-vehicle
P0007__1__466___1113 0.597 672 695 474 687 475 660 673 668 large-vehicle
P0007__1__466___1113 0.611 683 323 498 313 500 288 685 298 large-vehicle
P0007__1__466___1113 0.626 676 351 503 341 505 316 678 326 large-vehicle
P0007__1__466___1113 0.626 675 672 474 657 476 629 677 644 large-vehicle
P0007__1__466___1113 0.657 387 289 213 283 214 258 388 264 large-vehicle
P0007__1__466___1113 0.658 921 1015 901 1013 904 972 924 974 small-vehicle
P0007__1__466___1113 0.659 207 397 19 390 20 364 208 371 large-vehicle
P0007__1__466___1113 0.660 374 604 186 598 187 571 375 577 large-vehicle
P0007__1__466___1113 0.671 947 317 928 316 930 276 949 277 small-vehicle
P0007__1__466___1113 0.674 909 745 892 745 894 710 911 710 small-vehicle
P0007__1__466___1113 0.674 886 872 868 871 871 831 889 832 small-vehicle
P0007__1__466___1113 0.685 666 733 476 723 477 694 667 704 large-vehicle
P0007__1__466___1113 0.688 382 231 192 224 193 200 383 207 large-vehicle
P0007__1__466___1113 0.696 212 258 26 252 27 227 213 233 large-vehicle
P0007__1__466___1113 0.697 704 144 582 38 599 19 721 125 large-vehicle
P0007__1__466___1113 0.698 909 880 889 878 892 833 912 835 small-vehicle
P0007__1__466___1113 0.703 208 371 22 360 23 334 209 345 large-vehicle
P0007__1__466___1113 0.706 378 344 195 335 197 309 380 318 large-vehicle
P0007__1__466___1113 0.708 373 548 192 539 194 513 375 522 large-vehicle
P0007__1__466___1113 0.708 693 174 560 66 576 47 709 155 large-vehicle
P0007__1__466___1113 0.708 957 882 937 882 938 839 958 839 small-vehicle
P0007__1__466___1113 0.710 189 598 7 588 8 561 190 571 large-vehicle
P0007__1__466___1113 0.714 390 258 209 257 209 233 390 234 large-vehicle
P0007__1__466___1113 0.716 214 286 24 275 25 249 215 260 large-vehicle
P0007__1__466___1113 0.716 690 262 500 252 501 229 691 239 large-vehicle
P0007__1__466___1113 0.718 709 117 594 -10 614 -27 729 100 large-vehicle
P0007__1__466___1113 0.719 887 743 869 743 870 706 888 706 small-vehicle
P0007__1__466___1113 0.722 683 436 497 425 498 401 684 412 large-vehicle
P0007__1__466___1113 0.723 198 569 10 558 11 532 199 543 large-vehicle
P0007__1__466___1113 0.723 206 454 20 444 21 419 207 429 large-vehicle
P0007__1__466___1113 0.724 208 312 22 302 23 277 209 287 large-vehicle
P0007__1__466___1113 0.728 208 425 20 415 21 390 209 400 large-vehicle
P0007__1__466___1113 0.730 387 513 364 493 482 358 505 378 large-vehicle
P0007__1__466___1113 0.730 377 519 192 509 194 482 379 492 large-vehicle
P0007__1__466___1113 0.731 677 551 487 540 488 514 678 525 large-vehicle
P0007__1__466___1113 0.743 387 461 206 452 208 426 389 435 large-vehicle
P0007__1__466___1113 0.745 681 494 496 484 498 459 683 469 large-vehicle
P0007__1__466___1113 0.746 689 237 504 223 506 198 691 212 large-vehicle
P0007__1__466___1113 0.746 678 522 499 509 501 485 680 498 large-vehicle
P0007__1__466___1113 0.747 679 409 492 399 494 374 681 384 large-vehicle
P0007__1__466___1113 0.752 384 374 203 365 205 339 386 348 large-vehicle
P0007__1__466___1113 0.753 378 403 207 393 209 368 380 378 large-vehicle
P0007__1__466___1113 0.764 189 536 7 530 8 505 190 511 large-vehicle
P0007__1__466___1113 0.767 687 293 499 282 500 258 688 269 large-vehicle
P0007__1__466___1113 0.770 675 581 487 574 488 546 676 553 large-vehicle
P0007__1__466___1113 0.781 197 483 13 477 14 452 198 458 large-vehicle
P0007__1__466___824 0.291 369 860 200 851 202 827 371 836 large-vehicle
P0007__1__466___824 0.318 741 142 615 15 650 -18 776 108 large-vehicle
P0007__1__466___824 0.326 989 383 978 383 980 344 991 344 small-vehicle
P0007__1__466___824 0.396 977 178 937 176 938 159 978 161 small-vehicle
P0007__1__466___824 0.407 921 371 896 370 900 288 925 289 large-vehicle
P0007__1__466___824 0.411 906 609 868 607 869 590 907 592 small-vehicle
P0007__1__466___824 0.434 967 607 947 606 950 568 970 569 small-vehicle
P0007__1__466___824 0.493 938 145 900 144 901 130 939 131 small-vehicle
P0007__1__466___824 0.499 316 918 140 912 141 885 317 891 large-vehicle
P0007__1__466___824 0.502 947 257 931 257 932 218 948 218 small-vehicle
P0007__1__466___824 0.518 945 380 920 378 926 287 951 289 large-vehicle
P0007__1__466___824 0.520 970 381 951 380 953 342 972 343 small-vehicle
P0007__1__466___824 0.526 88 909 12 908 13 884 89 885 large-vehicle
P0007__1__466___824 0.542 888 1030 869 1030 869 993 888 993 small-vehicle
P0007__1__466___824 0.550 934 168 900 166 901 151 935 153 small-vehicle
P0007__1__466___824 0.560 157 294 45 290 46 265 158 269 large-vehicle
P0007__1__466___824 0.566 902 705 864 703 865 686 903 688 small-vehicle
P0007__1__466___824 0.568 676 639 504 629 505 604 677 614 large-vehicle
P0007__1__466___824 0.577 845 245 828 245 828 202 845 202 small-vehicle
P0007__1__466___824 0.578 911 1038 892 1037 892 997 911 998 small-vehicle
P0007__1__466___824 0.585 385 263 375 228 552 174 562 209 large-vehicle
P0007__1__466___824 0.590 927 604 910 603 910 565 927 566 small-vehicle
P0007__1__466___824 0.596 907 568 870 567 870 551 907 552 small-vehicle
P0007__1__466___824 0.606 673 960 472 946 474 919 675 933 large-vehicle
P0007__1__466___824 0.611 670 984 474 977 475 949 671 956 large-vehicle
P0007__1__466___824 0.614 733 302 604 172 620 157 749 287 large-vehicle
P0007__1__466___824 0.616 683 754 494 743 496 719 685 730 large-vehicle
P0007__1__466___824 0.630 842 298 824 298 825 253 843 253 small-vehicle
P0007__1__466___824 0.632 207 686 19 679 20 653 208 660 large-vehicle
P0007__1__466___824 0.636 731 385 603 252 620 236 748 369 large-vehicle
P0007__1__466___824 0.638 900 683 859 682 859 664 900 665 small-vehicle
P0007__1__466___824 0.640 104 212 -26 210 -26 181 104 183 large-vehicle
P0007__1__466___824 0.643 197 801 9 794 10 770 198 777 large-vehicle
P0007__1__466___824 0.644 768 125 624 -4 645 -27 789 102 large-vehicle
P0007__1__466___824 0.646 373 892 187 886 188 859 374 865 large-vehicle
P0007__1__466___824 0.667 736 153 614 17 635 -1 757 134 large-vehicle
P0007__1__466___824 0.674 164 135 61 131 61 106 164 110 large-vehicle
P0007__1__466___824 0.680 382 520 192 513 193 489 383 496 large-vehicle
P0007__1__466___824 0.681 387 578 213 572 214 547 388 553 large-vehicle
P0007__1__466___824 0.686 694 464 558 354 573 335 709 445 large-vehicle
P0007__1__466___824 0.688 213 576 25 565 26 539 214 550 large-vehicle
P0007__1__466___824 0.691 379 633 195 624 196 598 380 607 large-vehicle
P0007__1__466___824 0.696 680 783 497 773 499 748 682 758 large-vehicle
P0007__1__466___824 0.697 947 606 928 605 930 565 949 566 small-vehicle
P0007__1__466___824 0.699 437 75 278 64 280 38 439 49 large-vehicle
P0007__1__466___824 0.700 438 299 276 299 277 274 439 274 large-vehicle
P0007__1__466___824 0.702 683 612 499 602 500 577 684 587 large-vehicle
P0007__1__466___824 0.703 703 432 582 326 598 307 719 413 large-vehicle
P0007__1__466___824 0.706 191 887 9 877 10 850 192 860 large-vehicle
P0007__1__466___824 0.709 664 1021 474 1011 475 984 665 994 large-vehicle
P0007__1__466___824 0.711 375 838 193 828 194 801 376 811 large-vehicle
P0007__1__466___824 0.711 206 743 19 733 21 708 208 718 large-vehicle
P0007__1__466___824 0.714 449 35 270 23 272 -3 451 8 large-vehicle
P0007__1__466___824 0.714 390 547 208 546 209 522 391 523 large-vehicle
P0007__1__466___824 0.715 689 551 501 541 502 518 690 528 large-vehicle
P0007__1__466___824 0.721 378 808 194 798 195 771 379 781 large-vehicle
P0007__1__466___824 0.721 198 858 11 847 13 821 200 832 large-vehicle
P0007__1__466___824 0.722 677 840 486 829 488 803 679 814 large-vehicle
P0007__1__466___824 0.725 207 601 22 591 24 566 209 576 large-vehicle
P0007__1__466___824 0.727 207 659 22 649 24 624 209 634 large-vehicle
P0007__1__466___824 0.728 212 546 24 542 25 517 213 521 large-vehicle
P0007__1__466___824 0.729 387 750 207 741 208 715 388 724 large-vehicle
P0007__1__466___824 0.733 208 714 19 704 21 679 210 689 large-vehicle
P0007__1__466___824 0.739 387 801 364 781 482 646 505 666 large-vehicle
P0007__1__466___824 0.742 730 203 612 57 633 40 751 186 large-vehicle
P0007__1__466___824 0.744 385 663 202 653 204 628 387 638 large-vehicle
P0007__1__466___824 0.744 683 725 496 715 498 690 685 700 large-vehicle
P0007__1__466___824 0.750 691 525 506 512 508 488 693 501 large-vehicle
P0007__1__466___824 0.753 679 698 493 688 494 663 680 673 large-vehicle
P0007__1__466___824 0.754 688 582 498 571 499 547 689 558 large-vehicle
P0007__1__466___824 0.758 677 812 500 799 502 775 679 788 large-vehicle
P0007__1__466___824 0.763 377 693 206 681 208 656 379 668 large-vehicle
P0007__1__466___824 0.763 675 868 487 862 488 835 676 841 large-vehicle
P0007__1__466___824 0.764 189 825 7 819 8 794 190 800 large-vehicle
P0007__1__466___824 0.768 710 406 590 273 609 257 729 390 large-vehicle
P0007__1__466___824 0.768 723 247 607 108 626 92 742 231 large-vehicle
P0007__1__466___824 0.770 727 340 602 205 620 189 745 324 large-vehicle
P0007__1__466___824 0.771 199 771 13 765 14 740 200 746 large-vehicle
