P0019__1__0___0 0.296 657 899 616 755 646 746 687 890 harbor
P0019__1__0___0 0.365 961 833 937 832 944 740 968 741 harbor
P0019__1__0___0 0.412 680 884 670 870 697 853 707 867 ship
P0019__1__0___0 0.440 553 943 514 907 532 888 571 924 ship
P0019__1__0___0 0.496 957 186 953 141 974 139 978 184 small-vehicle
P0019__1__0___0 0.531 122 790 95 788 99 725 126 727 small-vehicle
P0019__1__0___0 0.558 841 855 818 853 828 718 851 720 harbor
P0019__1__0___0 0.615 575 997 453 879 472 860 594 978 harbor
P0019__1__0___0 0.689 262 394 246 353 265 345 281 386 small-vehicle
P0019__1__0___1648 0.320 195 33 183 3 198 -3 210 26 ship
P0019__1__0___1648 0.320 178 28 175 5 187 3 190 26 ship
P0019__1__0___1648 0.344 573 593 535 568 586 492 624 517 harbor
P0019__1__0___1648 0.449 374 477 358 452 441 398 457 423 harbor
P0019__1__0___1648 0.459 198 64 195 25 353 15 356 54 harbor
P0019__1__0___1648 0.569 479 579 447 561 504 458 536 476 harbor
P0019__1__0___1648 0.591 410 1009 364 994 371 974 417 989 small-vehicle
P0019__1__0___1648 0.633 714 667 666 654 693 554 741 567 harbor
P0019__1__0___2472 0.352 875 903 855 900 860 860 880 863 small-vehicle
P0019__1__0___2472 0.443 121 885 98 883 102 826 125 828 small-vehicle
P0019__1__0___2472 0.450 439 862 387 855 390 833 442 840 small-vehicle
P0019__1__0___2472 0.522 143 819 140 771 160 770 163 818 small-vehicle
P0019__1__0___2472 0.554 132 981 84 976 87 954 135 959 small-vehicle
P0019__1__0___2472 0.571 803 945 784 941 792 896 811 900 small-vehicle
P0019__1__0___2472 0.579 410 186 364 171 371 149 417 164 small-vehicle
P0019__1__0___2472 0.597 849 895 828 892 834 846 855 849 small-vehicle
P0019__1__0___2472 0.639 388 229 339 214 345 194 394 209 small-vehicle
P0019__1__0___2703 0.360 875 669 854 666 860 630 881 633 small-vehicle
P0019__1__0___2703 0.440 122 654 99 654 101 597 124 597 small-vehicle
P0019__1__0___2703 0.486 132 750 85 745 87 725 134 730 small-vehicle
P0019__1__0___2703 0.543 849 664 828 661 834 615 855 618 small-vehicle
P0019__1__0___2703 0.559 144 588 140 540 161 539 165 587 small-vehicle
P0019__1__0___2703 0.576 803 714 784 711 792 665 811 668 small-vehicle
P0019__1__0___2703 0.592 439 632 387 625 390 603 442 610 small-vehicle
P0019__1__0___824 0.392 553 121 513 82 532 62 572 101 ship
P0019__1__0___824 0.400 193 653 166 653 166 638 193 638 ship
P0019__1__0___824 0.404 681 62 671 48 696 29 706 43 ship
P0019__1__0___824 0.535 361 703 171 690 174 646 364 659 harbor
P0019__1__0___824 0.536 395 487 271 442 286 400 410 445 harbor
P0019__1__0___824 0.551 204 886 202 849 353 839 355 876 harbor
P0019__1__0___824 0.582 468 318 342 236 365 201 491 283 harbor
P0019__1__0___824 0.660 577 174 455 56 474 37 596 155 harbor
P0019__1__1648___0 0.341 1007 422 990 420 994 375 1011 377 harbor
P0019__1__1648___0 0.494 171 762 110 759 122 545 183 548 harbor
P0019__1__1648___0 0.515 739 566 730 380 792 377 801 563 harbor
P0019__1__1648___0 0.538 7 87 3 65 56 54 60 76 small-vehicle
P0019__1__1648___0 0.568 19 185 -4 152 12 140 36 173 small-vehicle
P0019__1__1648___0 0.668 529 500 509 492 526 451 546 459 ship
P0019__1__1648___1648 0.321 137 1072 79 1049 120 943 178 966 harbor
P0019__1__1648___2472 0.325 674 618 636 572 655 557 693 603 ship
P0019__1__1648___2472 0.355 108 659 62 659 63 638 109 638 small-vehicle
P0019__1__1648___2472 0.527 569 538 508 508 556 409 617 439 harbor
P0019__1__1648___2472 0.547 969 753 933 741 958 664 994 676 harbor
P0019__1__1648___2472 0.564 137 259 85 240 128 124 180 143 harbor
P0019__1__1648___2472 0.584 782 635 733 622 769 490 818 503 harbor
P0019__1__1648___2472 0.592 535 968 490 967 490 947 535 948 small-vehicle
P0019__1__1648___2703 0.384 568 307 507 275 557 178 618 210 harbor
P0019__1__1648___2703 0.409 109 429 62 429 62 408 109 408 small-vehicle
P0019__1__1648___2703 0.460 968 522 933 510 959 433 994 445 harbor
P0019__1__1648___2703 0.575 535 738 492 737 492 717 535 718 small-vehicle
P0019__1__1648___2703 0.614 782 400 737 388 771 261 816 273 harbor
P0019__1__2472___0 0.271 183 422 166 420 170 375 187 377 harbor
P0019__1__2472___0 0.487 842 188 817 187 817 125 842 126 small-vehicle
P0019__1__2472___0 0.528 954 777 919 771 941 646 976 652 harbor
P0019__1__2472___0 0.593 856 739 805 733 821 582 872 588 harbor
P0019__1__2472___0 0.684 381 454 349 453 354 369 386 370 harbor
P0019__1__2472___2472 0.460 979 910 961 905 970 873 988 878 ship
P0019__1__2472___2472 0.494 1009 962 957 956 970 833 1022 839 harbor
P0019__1__2472___2472 0.498 145 751 109 740 134 664 170 675 harbor
P0019__1__2472___2472 0.639 585 991 550 988 558 878 593 881 harbor
P0019__1__2472___2703 0.364 978 680 961 675 971 643 988 648 ship
P0019__1__2472___2703 0.390 1008 731 956 725 969 602 1021 608 harbor
P0019__1__2472___2703 0.400 828 794 791 777 829 695 866 712 harbor
P0019__1__2472___2703 0.458 143 520 108 508 136 433 171 445 harbor
P0019__1__2472___2703 0.615 585 763 550 761 558 648 593 650 harbor
P0019__1__3296___0 0.269 -8 188 -10 124 16 123 18 187 ship
P0019__1__3296___0 0.361 903 195 849 188 852 166 906 173 small-vehicle
P0019__1__3296___0 0.403 27 744 -54 734 -35 583 46 593 harbor
P0019__1__3296___0 0.433 585 260 580 209 600 207 605 258 small-vehicle
P0019__1__3296___0 0.441 753 190 731 189 732 139 754 140 small-vehicle
P0019__1__3296___0 0.533 129 778 93 771 118 645 154 652 harbor
P0019__1__3296___0 0.580 907 220 858 216 860 195 909 199 small-vehicle
P0019__1__3296___0 0.581 725 915 660 906 678 780 743 789 harbor
P0019__1__3296___0 0.640 537 159 535 139 576 136 578 156 small-vehicle
P0019__1__3296___0 0.696 707 946 667 928 676 907 716 925 ship
P0019__1__3296___2472 0.264 253 1036 247 1017 286 1005 292 1024 ship
P0019__1__3296___2472 0.267 356 987 338 963 351 952 369 976 ship
P0019__1__3296___2472 0.296 261 951 256 899 284 896 289 948 ship
P0019__1__3296___2472 0.299 6 1020 -31 1003 3 925 41 942 harbor
P0019__1__3296___2472 0.309 394 969 378 925 407 914 423 958 harbor
P0019__1__3296___2472 0.397 184 966 131 961 143 829 196 834 harbor
P0019__1__3296___2472 0.457 667 903 652 882 664 874 679 895 ship
P0019__1__3296___2472 0.458 694 881 675 857 689 846 708 870 ship
P0019__1__3296___2472 0.504 153 912 136 907 146 873 163 878 ship
P0019__1__3296___2472 0.522 1007 815 957 814 962 688 1012 689 harbor
P0019__1__3296___2472 0.638 290 1016 280 893 323 889 333 1012 harbor
P0019__1__3296___2472 0.680 598 936 542 935 543 811 599 812 harbor
P0019__1__3296___2703 0.257 4 787 -34 769 1 692 40 710 harbor
P0019__1__3296___2703 0.271 261 719 256 669 284 666 289 716 ship
P0019__1__3296___2703 0.311 262 818 257 803 283 795 288 810 ship
P0019__1__3296___2703 0.347 354 757 337 732 351 722 368 747 ship
P0019__1__3296___2703 0.358 694 650 675 626 689 615 708 639 ship
P0019__1__3296___2703 0.375 396 741 378 695 407 684 425 730 harbor
P0019__1__3296___2703 0.443 184 747 132 742 145 598 197 603 harbor
P0019__1__3296___2703 0.450 153 680 137 675 146 643 162 648 ship
P0019__1__3296___2703 0.451 667 673 652 653 664 644 679 664 ship
P0019__1__3296___2703 0.547 1008 581 958 580 963 458 1013 459 harbor
P0019__1__3296___2703 0.564 290 786 279 661 323 657 334 782 harbor
P0019__1__3296___2703 0.628 599 704 542 703 542 579 599 580 harbor
P0019__1__3296___824 0.296 726 97 651 85 681 -101 756 -89 harbor
P0019__1__3296___824 0.688 707 124 666 104 676 83 717 103 ship
P0019__1__4120___0 0.268 881 667 878 642 892 640 895 665 ship
P0019__1__4120___0 0.297 78 195 25 186 29 164 82 173 small-vehicle
P0019__1__4120___0 0.324 418 179 401 171 417 136 434 144 small-vehicle
P0019__1__4120___0 0.360 678 741 675 694 693 694 696 741 harbor
P0019__1__4120___0 0.374 310 793 308 774 337 770 339 789 ship
P0019__1__4120___0 0.523 82 220 33 216 35 195 84 199 small-vehicle
P0019__1__4120___0 0.551 474 900 464 753 513 749 523 896 harbor
P0019__1__4120___0 0.552 941 845 935 678 1004 676 1010 843 harbor
P0019__1__4120___0 0.600 526 172 524 151 565 147 567 168 small-vehicle
P0019__1__4120___0 0.626 562 238 517 237 517 217 562 218 small-vehicle
P0019__1__4120___2472 0.348 663 894 647 894 648 863 664 863 ship
P0019__1__4120___2472 0.374 952 935 950 861 1007 860 1009 934 harbor
P0019__1__4120___2472 0.442 754 891 749 790 791 788 796 889 harbor
P0019__1__4120___2472 0.511 181 820 133 818 138 687 186 689 harbor
P0019__1__4120___2472 0.555 529 852 482 845 502 721 549 728 harbor
P0019__1__4120___2472 0.560 407 816 364 813 370 717 413 720 harbor
P0019__1__4120___2703 0.290 662 664 646 663 647 631 663 632 ship
P0019__1__4120___2703 0.313 798 652 774 651 775 555 799 556 harbor
P0019__1__4120___2703 0.377 754 661 748 561 785 558 791 658 harbor
P0019__1__4120___2703 0.431 952 702 950 631 1007 629 1009 700 harbor
P0019__1__4120___2703 0.542 181 589 133 587 138 456 186 458 harbor
P0019__1__4120___2703 0.558 529 622 484 615 502 489 547 496 harbor
P0019__1__4120___2703 0.599 408 586 366 584 371 485 413 487 harbor
P0019__1__4944___0 0.319 749 685 735 685 736 662 750 662 ship
P0019__1__4944___0 0.349 253 260 232 260 232 213 253 213 small-vehicle
P0019__1__4944___0 0.490 386 733 380 704 397 700 403 729 ship
P0019__1__4944___0 0.520 547 871 505 861 552 676 594 686 harbor
P0019__1__4944___0 0.538 272 762 234 759 243 659 281 662 harbor
P0019__1__4944___0 0.577 116 845 113 676 183 674 186 843 harbor
P0019__1__4944___0 0.603 414 807 375 801 397 662 436 668 harbor
P0019__1__4944___0 0.653 667 712 655 682 668 677 680 707 ship
P0019__1__4944___2472 0.312 531 1139 522 884 584 882 593 1137 harbor
P0019__1__4944___2472 0.315 556 974 556 951 567 951 567 974 ship
P0019__1__4944___2472 0.382 710 1083 703 954 753 952 760 1081 harbor
P0019__1__4944___2472 0.414 564 951 551 951 551 928 564 928 ship
P0019__1__4944___2472 0.574 296 997 266 996 271 882 301 883 harbor
P0019__1__4944___2472 0.577 820 990 814 869 863 867 869 988 harbor
P0019__1__4944___2703 0.328 564 720 551 720 551 697 564 697 ship
P0019__1__4944___2703 0.335 183 703 127 703 128 628 184 628 harbor
P0019__1__4944___2703 0.367 556 744 556 721 567 721 567 744 ship
P0019__1__4944___2703 0.372 605 916 593 916 594 881 606 881 ship
P0019__1__4944___2703 0.503 835 948 826 938 848 917 857 927 ship
P0019__1__4944___2703 0.555 820 760 814 637 861 635 867 758 harbor
P0019__1__4944___2703 0.570 708 842 703 728 753 725 758 839 harbor
P0019__1__4944___2703 0.603 297 767 267 766 270 652 300 653 harbor
P0019__1__4944___2703 0.635 535 864 529 659 582 657 588 862 harbor
P0019__1__4944___2703 0.665 859 956 844 937 882 907 897 926 ship
P0019__1__5549___0 0.406 62 712 52 682 65 677 75 707 ship
P0019__1__5549___1648 0.298 978 158 955 156 963 53 986 55 harbor
P0019__1__5549___1648 0.447 450 127 449 70 595 66 596 123 harbor
P0019__1__5549___1648 0.466 663 991 504 988 504 940 663 943 harbor
P0019__1__5549___1648 0.467 573 808 514 807 514 781 573 782 ship
P0019__1__5549___1648 0.482 521 565 518 504 684 496 687 557 harbor
P0019__1__5549___1648 0.490 646 786 472 783 473 757 647 760 harbor
P0019__1__5549___1648 0.506 478 140 477 118 521 115 522 137 ship
P0019__1__5549___1648 0.548 456 404 453 344 643 335 646 395 harbor
P0019__1__5549___1648 0.609 605 991 580 966 592 954 617 979 ship
P0019__1__5549___2472 0.258 652 790 427 746 435 705 660 749 harbor
P0019__1__5549___2472 0.389 105 1081 98 954 148 952 155 1079 harbor
P0019__1__5549___2472 0.469 772 310 767 269 783 267 788 308 ship
P0019__1__5549___2472 0.475 658 172 504 166 505 115 659 121 harbor
P0019__1__5549___2472 0.558 216 990 207 870 255 867 264 987 harbor
P0019__1__5549___2472 0.581 576 357 575 340 609 338 610 355 ship
P0019__1__5549___2472 0.587 606 167 581 144 593 132 618 155 ship
P0019__1__5549___2472 0.602 716 400 533 397 533 351 716 354 harbor
P0019__1__5549___2472 0.603 667 652 528 584 552 535 691 603 harbor
P0019__1__5549___2703 0.267 629 560 429 517 438 475 638 518 harbor
P0019__1__5549___2703 0.376 771 79 768 38 784 36 787 77 ship
P0019__1__5549___2703 0.498 231 948 220 937 242 917 253 928 ship
P0019__1__5549___2703 0.540 216 761 209 638 257 636 264 759 harbor
P0019__1__5549___2703 0.570 576 126 575 109 609 107 610 124 ship
P0019__1__5549___2703 0.583 105 841 99 728 148 726 154 839 harbor
P0019__1__5549___2703 0.597 669 421 529 352 552 304 692 373 harbor
P0019__1__5549___2703 0.604 718 170 532 164 533 119 719 125 harbor
P0019__1__5549___2703 0.643 869 928 844 927 844 871 869 872 small-vehicle
P0019__1__5549___2703 0.698 255 955 241 937 278 908 292 926 ship
P0019__1__5549___824 0.445 449 953 447 897 590 892 592 948 harbor
P0019__1__5549___824 0.489 478 964 476 942 521 939 523 961 ship
P0019__1__824___0 0.281 600 712 586 711 587 681 601 682 ship
P0019__1__824___0 0.301 688 641 685 629 713 622 716 634 ship
P0019__1__824___0 0.340 138 831 114 830 119 740 143 741 harbor
P0019__1__824___0 0.437 133 185 130 141 150 140 153 184 small-vehicle
P0019__1__824___0 0.479 586 147 585 95 609 94 610 146 ship
P0019__1__824___0 0.509 283 850 236 745 264 733 311 838 harbor
P0019__1__824___0 0.513 995 763 935 760 946 544 1006 547 harbor
P0019__1__824___0 0.518 643 85 621 44 640 34 662 75 small-vehicle
P0019__1__824___0 0.548 831 88 826 65 880 53 885 76 small-vehicle
P0019__1__824___0 0.575 843 186 818 152 836 139 861 173 small-vehicle
P0019__1__824___1648 0.282 963 1080 902 1058 944 941 1005 963 harbor
P0019__1__824___2472 0.278 692 916 637 911 639 887 694 892 small-vehicle
P0019__1__824___2472 0.402 52 904 30 901 35 861 57 864 small-vehicle
P0019__1__824___2472 0.424 964 260 909 240 951 125 1006 145 harbor
P0019__1__824___2472 0.434 932 660 886 660 887 639 933 639 small-vehicle
P0019__1__824___2472 0.542 684 792 644 786 647 765 687 771 small-vehicle
P0019__1__824___2472 0.574 287 406 286 361 306 361 307 406 small-vehicle
P0019__1__824___2472 0.580 25 895 4 892 10 846 31 849 small-vehicle
P0019__1__824___2472 0.611 312 813 311 768 331 768 332 813 small-vehicle
P0019__1__824___2472 0.651 292 773 286 731 305 728 311 770 small-vehicle
P0019__1__824___2703 0.279 692 685 637 680 639 656 694 661 small-vehicle
P0019__1__824___2703 0.354 53 673 31 671 36 630 58 632 small-vehicle
P0019__1__824___2703 0.515 312 581 311 536 331 536 332 581 small-vehicle
P0019__1__824___2703 0.538 933 430 886 429 886 407 933 408 small-vehicle
P0019__1__824___2703 0.568 685 560 644 556 646 535 687 539 small-vehicle
P0019__1__824___2703 0.582 25 664 4 661 10 615 31 618 small-vehicle
P0019__1__824___2703 0.597 287 176 286 131 306 131 307 176 small-vehicle
P0019__1__824___2703 0.613 292 543 286 501 305 498 311 540 small-vehicle
